%%MatrixMarket matrix array real general
20 20
 1
 0.7499999999999998
 6.888638245203858e-17
-0.8437499999999992
-1.265624999999998
-0.9492187499999988
-2.615529833725836e-16
 1.067871093749998
 1.601806640624996
 1.201354980468747
 5.51713324301543e-16
-1.351524353027338
-2.027286529541009
-1.520464897155755
-9.775670464967953e-16
 1.710523009300222
 2.565784513950335
 1.92433838546275
 1.590728519857507e-15
-2.16488068364559
 1
 0.15
-0.6999999999999997
-0.3217499999999999
 0.4249749999999998
 0.3671962499999996
-0.2064474999999997
-0.3354954562499995
 0.053154750625
 0.2658905400937496
 0.04016687281249978
-0.1860383905260934
-0.08573583740314056
 0.1128778497209973
 0.0977365537816387
-0.05477303190765151
-0.08924564213961633
 0.01403221612931537
 0.07069766823280876
 0.01075529945350254
 1
 0.4499999999999998
-0.3599999999999999
-0.6682499999999996
-0.3260249999999996
 0.2177887499999999
 0.4454189999999993
 0.2342687062499995
-0.1299036993749999
-0.2961288897187494
-0.1671396707249996
 0.07611289698234365
 0.1963634553887338
 0.1185007436583675
-0.04356737407985057
-0.1298637055705166
-0.08354829384237926
 0.02415227030330369
 0.08565148806239357
 0.05860985247412665
 1
 0.7499999999999999
-0.16
-1.20375
-1.600025
-0.8532187500000002
 0.7762039999999996
 2.260692093749999
 2.393616000624999
 0.6854346604687492
-2.047644570099998
-3.952250393852343
-3.297152318200016
 0.1329132788002419
 4.436210647087375
 6.483522407372756
 4.024752929551857
-2.294196899146201
-8.613102863193447
-9.971611279387288
 1
 0.65
-0.1399999999999998
-0.8222499999999997
-0.9310249999999999
-0.4004162500000003
 0.3965184999999993
 0.9098840562499994
 0.792278550625
 0.1337263204062507
-0.6065501558374989
-0.9202356281889055
-0.5988544131456408
 0.1279213566767378
 0.7561693606282164
 0.8570176324900936
 0.3692961020183289
-0.3640774353789138
-0.8370573264806429
-0.7295582505766046
 1
 0.4499999999999999
-0.8999999999999995
-1.397249999999999
-0.08302500000000002
 1.748688749999997
 1.682167499999997
-0.7680880687499962
-2.886507849374994
-1.595502134718744
 2.330940822187493
 4.179977025776708
 0.7201015502443578
-4.806778623418681
-5.265833284145702
 1.53359614783024
 8.25214896885735
 5.425591099053136
-5.886022415211024
-12.37781655795426
 1
 0.4499999999999998
-0.7000000000000003
-1.12725
-0.2410249999999991
 1.028688750000001
 1.192152499999999
-0.0637638187500018
-1.374715949375
-1.166785334718747
 0.4689543228125027
 1.711356685395468
 1.022026490148106
-0.9712252962286995
-2.003442038219484
-0.7298938820648257
 1.556898958374189
 2.207741802218399
 0.2665942729930761
-2.199619845757558
 1
 0.3499999999999999
-0.9799999999999995
-1.114749999999999
 0.4201749999999997
 1.659691249999999
 0.6470694999999992
-1.580173131249998
-1.898781329374997
 0.6065651552187489
 2.750602737137494
 1.182379600853279
-2.541822632396134
-3.22769085372256
 0.8543491270794724
 4.551965684765764
 2.139798298663681
-4.078299154773482
-5.476062324204445
 1.162672837654403
 1
 0.3499999999999999
-0.5999999999999999
-0.7157499999999998
 0.005975000000000004
 0.6089912499999995
 0.4212449999999998
-0.2197261062499997
-0.5097602993749994
-0.1711636497812496
 0.3109328981249996
 0.3622863127526555
-0.009137879988765297
-0.3125284502681298
-0.211048406597184
 0.1163526558585409
 0.259782762675599
 0.08352993967245215
-0.1610454766901646
-0.1833146327063372
 1
 0.3499999999999999
-0.78
-0.9047499999999994
 0.1661750000000005
 1.04369125
 0.5602544999999989
-0.6776053812500001
-1.048584629374999
-0.03946372478124865
 1.047174637762499
 0.7734725643345289
-0.5319232086723913
-1.165155624513566
-0.2703876482702946
 1.0050131613372
 0.9806565524130902
-0.343678903681463
-1.245748198800443
-0.5197528628868059
 1
 0.7499999999999999
 0.2600000000000001
-0.2587499999999996
-0.6130249999999994
-0.6957187499999995
-0.5133114999999998
-0.1681705312500004
 0.1917586506249993
 0.4331054854687492
 0.4837869954124993
 0.3510442481882811
 0.1080906212506097
-0.1415173428069485
-0.3057744015921999
-0.3362491008602895
-0.2398787939131815
-0.06896271862562194
 0.1040510787964694
 0.2157293698058667
 1
 0.8499999999999999
 0.5999999999999999
 0.30175
 0.005975000000000179
-0.2448212499999996
-0.4212449999999995
-0.5092425437499994
-0.5097602993749994
-0.4362825594687495
-0.3109328981249996
-0.1599271640614061
-0.009137879988765887
 0.1196040576509862
 0.2110484065971838
 0.2577168625001289
 0.259782762675599
 0.2238599477359093
 0.1610454766901647
 0.0846156545364366
 1
 0.1499999999999999
-1.079999999999999
-0.4927499999999991
 1.067174999999999
 0.8744962499999985
-0.9382229999999991
-1.265275181249998
 0.6759183206249991
 1.626210075093745
-0.2725450881749996
-1.911249860932962
-0.2667617340830113
 2.070127573324679
 0.9211452228407954
-2.052549953138023
-1.652053361637297
 1.813502688789087
 2.402610838478682
-1.319407273344112
 1
 0.85
 0.52
 0.09775000000000031
-0.3148249999999994
-0.6256212499999992
-0.772342999999999
-0.7342834437499992
-0.5338645793749996
-0.2283575994687502
 0.1056168168249993
 0.3907793681110925
 0.5666293702257327
 0.6017990138809853
 0.4989261561388724
 0.2915103775961715
 0.03406094748503486
-0.211743488551899
-0.3914703069618861
-0.4696367949246993
 1
 1.05
 1.1
 1.149749999999999
 1.198974999999999
 1.247373749999999
 1.294617499999998
 1.340348756249998
 1.384180050624998
 1.425692730656248
 1.464435778437498
 1.499924667343591
 1.531640266248107
 1.559027801706356
 1.581495889379189
 1.598415646810774
 1.609119900538622
 1.612902501405201
 1.609017762855745
 1.596680037944317
 1
 1.05
 1.04
 0.9607499999999997
 0.8059749999999998
 0.5732737500000001
 0.2649140000000003
-0.111544518749999
-0.5428682993749986
-1.010074064343748
-1.488713966349997
-1.949563044374527
-2.359730622388761
-2.684193360320074
-2.887719881589249
-2.937126486564536
-2.803771959734052
-2.466168758593824
-1.912560059956859
-1.143289522147603
 1
 0.6499999999999999
 5.174132726397566e-17
-0.5492499999999997
-0.7140249999999995
-0.4641162499999997
-1.108338035989806e-16
 0.3921782312499995
 0.5098317006249994
 0.3313906054062496
 1.318968443579368e-16
-0.2800250615682804
-0.3640325800387649
-0.2366211770251971
-1.31848702009746e-16
 0.1999448945862913
 0.259928362962179
 0.1689534359254162
 1.210413464389399e-16
-0.1427656533569765
 1
 0.6499999999999999
 0.12
-0.3152499999999997
-0.4968249999999995
-0.4173162499999996
-0.1823129999999999
 0.06554738124999981
 0.2173885206249996
 0.2350832254062496
 0.1480015155749998
 0.02196663182796879
-0.07874447741551538
-0.1182936287154473
-0.09669197120383288
-0.03993668174628345
 0.01818399285261033
 0.05259328497444892
 0.0551878756486411
 0.03361410673675796
 1
 0.5499999999999998
-0.2600000000000002
-0.7617499999999998
-0.6130249999999993
-0.01541374999999936
 0.5133114999999998
 0.5779755437499992
 0.1917586506249991
-0.2890143296562501
-0.4837869954124993
-0.2821682998010924
 0.1080906212506098
 0.362975262703616
 0.3057744015921997
 0.02237823951279217
-0.2398787939131816
-0.2832238504830647
-0.1040510787964692
 0.1305324439917353
 1
 0.95
 0.8799999999999999
 0.7932499999999999
 0.693175
 0.5832762500000002
 0.4670380000000001
 0.3478416687500002
 0.2288890206250003
 0.1131355955937505
 0.003235287550000611
-0.09850337957921813
-0.1901490621842649
-0.2701675920393267
-0.3374305423542754
-0.3912130078367462
-0.431181463212113
-0.4573727478540245
-0.4701653674514421
-0.4702444063927672
