%%MatrixMarket matrix array real general
20 20
 0
 0.7499999999999997
 1.124999999999999
 0.8437499999999993
 1.549943605170867e-16
-0.9492187499999984
-1.423828124999997
-1.067871093749998
-3.923294750588753e-16
 1.201354980468746
 1.80203247070312
 1.351524353027341
 7.448129878070826e-16
-1.520464897155757
-2.280697345733633
-1.710523009300227
-1.25687191692445e-15
 1.924338385462752
 2.886507578194126
 2.164880683645597
 0
 0.8499999999999999
 0.2549999999999999
-0.5567499999999997
-0.3569999999999997
 0.3076787499999999
 0.3582686249999997
-0.1217400812500002
-0.3034321499999996
-0.0003332844687501092
 0.2259569664093747
 0.06803538685203112
-0.1479273239193747
-0.09506456038057572
 0.08168648820576162
 0.09532904394525715
-0.03225772052971515
-0.08069745389813113
-0.0001772343748016499
 0.06006643284166722
 0
 0.7499999999999999
 0.6749999999999997
 0.03374999999999989
-0.4859999999999996
-0.4632187499999995
-0.04510687499999982
 0.3137661562499995
 0.3168962999999994
 0.04517556046874979
-0.2017676650781246
-0.2161502023289057
-0.04018291831124979
 0.129190278301488
 0.1470111829794452
 0.0334795017808624
-0.08233200337649937
-0.09971062190120919
-0.02675557712806621
 0.05219860633916549
 0
 0.85
 1.275
 0.8202500000000001
-0.408
-1.66602125
-1.974751875
-0.8212905062499999
 1.3056204
 3.013788900531249
 2.842961136796875
 0.3917229680126543
-3.065620608764998
-5.101794927043762
-3.713369908302619
 0.9857516187973118
 6.250307760364823
 8.108770810392697
 4.131510743520244
-4.222504376074258
 0
 0.7499999999999999
 0.975
 0.5287500000000002
-0.2729999999999996
-0.8757187499999994
-0.8695293749999998
-0.2678052187500005
 0.5083396499999991
 0.9246296854687494
 0.701304035859375
 0.0009350064304688703
-0.6895689669618738
-0.8973606383844486
-0.4873433974423376
 0.2503538121336435
 0.8054932022544379
 0.8005426579791316
 0.2472946511522495
-0.4670514716115205
 0
 1.05
 0.9449999999999995
-0.5197499999999995
-1.700999999999998
-0.852626249999999
 1.452441374999998
 2.419874493749997
 0.2824510499999998
-2.903730269343745
-2.981955862659368
 1.105607725100149
 4.886499353360609
 2.955031336768845
-3.717353453043619
-7.201934002222612
-1.630594345778416
 7.930988961699932
 9.265815686770754
-2.010706476924703
 0
 0.9500000000000001
 0.8549999999999998
-0.2802500000000006
-1.197
-0.7676237499999988
 0.6318236250000011
 1.416865506249999
 0.5770138499999978
-1.046323919406253
-1.579291831715623
-0.2651747176001542
 1.506460228205626
 1.648832268333231
-0.180689510667309
-1.984580216108798
-1.586460285210542
 0.7651468821107376
 2.441670809057311
 1.352016423419218
 0
 1.05
 0.7349999999999997
-0.7717499999999997
-1.440599999999999
-0.06302624999999992
 1.720616624999998
 1.281638793749998
-1.210608209999998
-2.417433269343745
-0.2092082312906245
 2.81490999304265
 2.22671707846087
-1.889562786554636
-4.050422371702809
-0.5205812466625371
 4.597360532672163
 3.855864400032122
-2.932661572500914
-6.776296990789986
 0
 0.8499999999999999
 0.5949999999999999
-0.3017499999999997
-0.7139999999999995
-0.2448212499999996
 0.4319551249999994
 0.5092425437499994
-0.008532300000000001
-0.4362825594687494
-0.2981879981281244
 0.1599271640614062
 0.3639178732612493
 0.1196040576509867
-0.223787762550065
-0.2577168625001291
 0.008698855604714615
 0.2238599477359092
 0.1493514304291525
-0.08461565453643655
 0
 0.9499999999999998
 0.6649999999999996
-0.5082500000000002
-1.037399999999999
-0.2052237499999992
 0.9196783749999998
 0.8541292062499986
-0.3447798900000008
-1.116828359406249
-0.4283804643343731
 0.8448827433573436
 1.030507896292872
-0.1446492845362665
-1.15752509287558
-0.6620020483632311
 0.7230617863432069
 1.184695350012559
 0.0881484140070033
-1.15260884395797
 0
 0.5499999999999998
 0.8249999999999997
 0.7617499999999998
 0.4289999999999999
-0.01541374999999976
-0.3942056249999993
-0.5779755437499993
-0.5259754499999996
-0.28901432965625
 0.02144726976562466
 0.2821682998010928
 0.4047005613543741
 0.3629752627036159
 0.1943969084838904
-0.02237823951279247
-0.2017206851077534
-0.2832238504830648
-0.2503473831063905
-0.1305324439917348
 0
 0.3499999999999999
 0.5949999999999998
 0.7157499999999997
 0.7139999999999995
 0.6089912499999995
 0.4319551249999998
 0.2197261062499999
 0.008532300000000251
-0.1711636497812494
-0.2981879981281243
-0.3622863127526555
-0.3639178732612493
-0.31252845026813
-0.2237877625500651
-0.1163526558585411
-0.00869885560471487
 0.08352993967245192
 0.1493514304291523
 0.1833146327063371
 0
 1.05
 0.3149999999999997
-1.086749999999999
-0.6803999999999989
 1.018473749999999
 1.070992124999997
-0.8244853312499981
-1.452211739999996
 0.4918824756562507
 1.78130295019687
-0.01897690005422047
-2.009658888987743
-0.5815486541353218
 2.086401653870611
 1.280162732063425
-1.96315304098541
-2.029128985866972
 1.599808475348497
 2.762712651704894
 0
 0.4499999999999998
 0.7649999999999997
 0.8842499999999994
 0.7955999999999996
 0.5345887499999997
 0.1728708750000005
-0.2006141062499991
-0.5009495399999988
-0.6660461697187487
-0.6689001640218738
-0.521037571847343
-0.2670312204202503
 0.0280066792443669
 0.2946152336041552
 0.4749397188260244
 0.5348784309203979
 0.469974092650604
 0.3041934089046584
 0.08240275943611132
 0
 0.04999999999999982
 0.1049999999999996
 0.1652499999999993
 0.230999999999999
 0.3024987499999986
 0.3799923749999982
 0.4637228687499977
 0.5539264499999971
 0.6508317750312465
 0.7546580003156207
 0.8656126892532763
 0.9838895570831191
 1.10966604824968
 1.243100740747481
 1.384330572253814
 1.533467883207043
 1.690597272394325
 1.855772261084301
 2.029011762281302
 0
 0.2499999999999999
 0.5249999999999998
 0.8112499999999996
 1.091999999999999
 1.348093749999999
 1.558816874999999
 1.702986218749999
 1.760249399999999
 1.712544795156248
 1.545653518828124
 1.250757703182031
 0.8259048272475001
 0.2772674130126854
-0.3799175564166983
-1.120843404634846
-1.911167196507722
-2.70766854626662
-3.459594163228407
-4.110713886379041
 0
 0.6499999999999998
 0.8449999999999998
 0.5492499999999998
 8.744284307611882e-17
-0.4641162499999996
-0.6033511249999994
-0.3921782312499997
-1.248727520548514e-16
 0.3313906054062494
 0.4308077870281243
 0.2800250615682811
 1.337434001789478e-16
-0.2366211770251973
-0.3076075301327563
-0.1999448945862918
-1.273281750836976e-16
 0.1689534359254164
 0.2196394667030411
 0.1427656533569769
 0
 0.5499999999999999
 0.7149999999999997
 0.5307499999999997
 0.1715999999999999
-0.1617137499999997
-0.3346378749999995
-0.3177867687499996
-0.1705103399999998
 0.008731965343749882
 0.1349715514468747
 0.1691323420067184
 0.1220176698097497
 0.03600202279780389
-0.04166018097492349
-0.08025970179580834
-0.0741339811277313
-0.03818589166408965
 0.004105477154288627
 0.0330218917570402
 0
 0.7499999999999999
 0.8249999999999997
 0.2587499999999996
-0.429
-0.6957187499999995
-0.3942056249999993
 0.1681705312500007
 0.5259754499999996
 0.4331054854687491
 0.0214472697656241
-0.3510442481882814
-0.4047005613543741
-0.1415173428069482
 0.1943969084838907
 0.3362491008602896
 0.2017206851077532
-0.06896271862562214
-0.2503473831063905
-0.2157293698058664
 0
 0.1499999999999999
 0.2849999999999998
 0.4027499999999997
 0.5015999999999996
 0.5804962499999996
 0.6389628749999995
 0.6770704312499994
 0.6953931599999994
 0.6949568550937495
 0.6771793516781246
 0.6438056772267182
 0.5968398864284997
 0.5384755327794349
 0.4710266173345642
 0.3968607051146947
 0.318335718683448
 0.2377417132674588
 0.1572487154259821
 0.07886147453696681
