%%MatrixMarket matrix array real general
20 10
 0
 0.8499999999999998
 0.08499999999999953
-0.6077499999999998
-0.1223999999999993
 0.4283787499999998
 0.1315778749999989
-0.2974168062499999
-0.1251356399999992
 0.2031136205312499
 0.1110347010531244
-0.1361539047798437
-0.09411554874149917
 0.08930002609123694
 0.07716377544671059
-0.05702614137147568
-0.06164635133601273
 0.03517931736071856
 0.04821153645468108
-0.02068385144105283
 0
 0.6499999999999999
 0.7149999999999997
 0.3152499999999996
-0.1716000000000001
-0.4173162499999997
-0.3346378749999995
-0.06554738124999966
 0.1705103399999999
 0.2350832254062496
 0.1349715514468745
-0.02196663182796898
-0.1220176698097498
-0.1182936287154473
-0.0416601809749234
 0.03993668174628352
 0.07413398112773131
 0.05259328497444889
 0.004105477154288589
-0.03361410673675804
 0
 0.95
 0.09499999999999971
-0.8502499999999998
-0.1709999999999995
 0.7523762499999997
 0.2299926249999992
-0.6579012437499996
-0.273933449999999
 0.5680072805937502
 0.3047105003093739
-0.4835755389064059
-0.3241205566706238
 0.4052238070432356
 0.3338514844912386
-0.3333423969250039
-0.3354698331570706
 0.2681278859014221
 0.3304129875972905
-0.2096144379810574
 0
 0.95
 0.2849999999999998
-0.7932499999999999
-0.5015999999999997
 0.5832762500000002
 0.6389628749999995
-0.3478416687499996
-0.6953931599999995
 0.113135595593751
 0.6771793516781246
 0.09850337957921872
-0.5968398864284997
-0.2701675920393261
 0.4710266173345636
 0.3912130078367466
-0.318335718683448
-0.4573727478540244
 0.1572487154259829
 0.4702444063927673
 0
 0.95
 1.044999999999999
 0.004749999999999133
-1.254
-1.385123749999997
-0.0125661249999977
 1.655251381249998
 1.835918699999995
 0.02493265559374439
-2.184856112346874
-2.433385573572023
-0.04397251555124189
 2.88385984904792
 3.225232715191957
 0.07270486860840984
-3.806430066337056
-4.27468243964389
-0.1154024536721218
 5.024049640731552
 0
 0.8499999999999998
 0.9349999999999994
 0.1572499999999999
-0.785399999999999
-1.025121249999998
-0.3225983749999994
 0.6958910687499985
 1.096143509999997
 0.4924695155312477
-0.5818306306656235
-1.144794947151714
-0.6628980454346225
 0.4442269708524216
 1.168120164508152
 0.8295995358352332
-0.2847636792020979
-1.163579571353422
-0.9880547573066119
 0.1058088275999833
 0
 0.75
 1.275
 1.20375
 0.4079999999999997
-0.8532187499999997
-1.974751875
-2.260692093749999
-1.305620399999999
 0.6854346604687501
 2.842961136796874
 3.952250393852342
 3.065620608764995
 0.1329132788002369
-3.713369908302623
-6.483522407372757
-6.25030776036482
-2.294196899146195
 4.131510743520249
 9.971611279387298
 0
 0.8499999999999999
 1.105
 0.4632499999999998
-0.6629999999999993
-1.392321249999998
-1.050882624999999
 0.2280604187500001
 1.499739149999997
 1.688531715531247
 0.4778899034406236
-1.312111939810467
-2.252929461193119
-1.426440128468071
 0.7252320660576287
 2.576075632970856
 2.518507607226129
 0.3244532896423372
-2.461901933738875
-3.571971530501017
 0
 0.1499999999999999
 0.3149999999999997
 0.4927499999999994
 0.6803999999999989
 0.8744962499999983
 1.070992124999998
 1.265275181249997
 1.452211739999996
 1.626210075093745
 1.78130295019687
 1.911249860932962
 2.009658888987743
 2.070127573324678
 2.086401653870612
 2.052549953138024
 1.963153040985411
 1.813502688789086
 1.599808475348494
 1.319407273344116
 0
 0.6499999999999999
 1.105
 1.134249999999999
 0.6629999999999991
-0.1716162500000005
-1.050882624999999
-1.589999856249997
-1.499739149999997
-0.7290067195937473
 0.4778899034406258
 1.647125529783902
 2.252929461193119
 1.944021352425732
 0.7252320660576265
-0.9930099362295022
-2.518507607226131
-3.144466555301644
-2.461901933738873
-0.5848190815357058
