%%MatrixMarket matrix array real general
20 10
 0
 0.5499999999999998
 0.8249999999999997
 0.7617499999999998
 0.4289999999999999
-0.01541374999999976
-0.3942056249999993
-0.5779755437499993
-0.5259754499999996
-0.28901432965625
 0.02144726976562466
 0.2821682998010928
 0.4047005613543741
 0.3629752627036159
 0.1943969084838904
-0.02237823951279247
-0.2017206851077534
-0.2832238504830648
-0.2503473831063905
-0.1305324439917348
 0
 0.3499999999999999
 0.5949999999999998
 0.7157499999999997
 0.7139999999999995
 0.6089912499999995
 0.4319551249999998
 0.2197261062499999
 0.008532300000000251
-0.1711636497812494
-0.2981879981281243
-0.3622863127526555
-0.3639178732612493
-0.31252845026813
-0.2237877625500651
-0.1163526558585411
-0.00869885560471487
 0.08352993967245192
 0.1493514304291523
 0.1833146327063371
 0
 1.05
 0.3149999999999997
-1.086749999999999
-0.6803999999999989
 1.018473749999999
 1.070992124999997
-0.8244853312499981
-1.452211739999996
 0.4918824756562507
 1.78130295019687
-0.01897690005422047
-2.009658888987743
-0.5815486541353218
 2.086401653870611
 1.280162732063425
-1.96315304098541
-2.029128985866972
 1.599808475348497
 2.762712651704894
 0
 0.4499999999999998
 0.7649999999999997
 0.8842499999999994
 0.7955999999999996
 0.5345887499999997
 0.1728708750000005
-0.2006141062499991
-0.5009495399999988
-0.6660461697187487
-0.6689001640218738
-0.521037571847343
-0.2670312204202503
 0.0280066792443669
 0.2946152336041552
 0.4749397188260244
 0.5348784309203979
 0.469974092650604
 0.3041934089046584
 0.08240275943611132
 0
 0.04999999999999982
 0.1049999999999996
 0.1652499999999993
 0.230999999999999
 0.3024987499999986
 0.3799923749999982
 0.4637228687499977
 0.5539264499999971
 0.6508317750312465
 0.7546580003156207
 0.8656126892532763
 0.9838895570831191
 1.10966604824968
 1.243100740747481
 1.384330572253814
 1.533467883207043
 1.690597272394325
 1.855772261084301
 2.029011762281302
 0
 0.2499999999999999
 0.5249999999999998
 0.8112499999999996
 1.091999999999999
 1.348093749999999
 1.558816874999999
 1.702986218749999
 1.760249399999999
 1.712544795156248
 1.545653518828124
 1.250757703182031
 0.8259048272475001
 0.2772674130126854
-0.3799175564166983
-1.120843404634846
-1.911167196507722
-2.70766854626662
-3.459594163228407
-4.110713886379041
 0
 0.6499999999999998
 0.8449999999999998
 0.5492499999999998
 8.744284307611882e-17
-0.4641162499999996
-0.6033511249999994
-0.3921782312499997
-1.248727520548514e-16
 0.3313906054062494
 0.4308077870281243
 0.2800250615682811
 1.337434001789478e-16
-0.2366211770251973
-0.3076075301327563
-0.1999448945862918
-1.273281750836976e-16
 0.1689534359254164
 0.2196394667030411
 0.1427656533569769
 0
 0.5499999999999999
 0.7149999999999997
 0.5307499999999997
 0.1715999999999999
-0.1617137499999997
-0.3346378749999995
-0.3177867687499996
-0.1705103399999998
 0.008731965343749882
 0.1349715514468747
 0.1691323420067184
 0.1220176698097497
 0.03600202279780389
-0.04166018097492349
-0.08025970179580834
-0.0741339811277313
-0.03818589166408965
 0.004105477154288627
 0.0330218917570402
 0
 0.7499999999999999
 0.8249999999999997
 0.2587499999999996
-0.429
-0.6957187499999995
-0.3942056249999993
 0.1681705312500007
 0.5259754499999996
 0.4331054854687491
 0.0214472697656241
-0.3510442481882814
-0.4047005613543741
-0.1415173428069482
 0.1943969084838907
 0.3362491008602896
 0.2017206851077532
-0.06896271862562214
-0.2503473831063905
-0.2157293698058664
 0
 0.1499999999999999
 0.2849999999999998
 0.4027499999999997
 0.5015999999999996
 0.5804962499999996
 0.6389628749999995
 0.6770704312499994
 0.6953931599999994
 0.6949568550937495
 0.6771793516781246
 0.6438056772267182
 0.5968398864284997
 0.5384755327794349
 0.4710266173345642
 0.3968607051146947
 0.318335718683448
 0.2377417132674588
 0.1572487154259821
 0.07886147453696681
