%%MatrixMarket matrix array real general
20 10
 0
-0.7499999999999997
 1.124999999999999
-0.8437499999999993
 1.549943605170867e-16
 0.9492187499999984
-1.423828124999997
 1.067871093749998
-3.923294750588753e-16
-1.201354980468746
 1.80203247070312
-1.351524353027341
 7.448129878070826e-16
 1.520464897155757
-2.280697345733633
 1.710523009300227
-1.25687191692445e-15
-1.924338385462752
 2.886507578194126
-2.164880683645597
 0
-0.8499999999999999
 0.2549999999999999
 0.5567499999999997
-0.3569999999999997
-0.3076787499999999
 0.3582686249999997
 0.1217400812500002
-0.3034321499999996
 0.0003332844687501092
 0.2259569664093747
-0.06803538685203112
-0.1479273239193747
 0.09506456038057572
 0.08168648820576162
-0.09532904394525715
-0.03225772052971515
 0.08069745389813113
-0.0001772343748016499
-0.06006643284166722
 0
-0.7499999999999999
 0.6749999999999997
-0.03374999999999989
-0.4859999999999996
 0.4632187499999995
-0.04510687499999982
-0.3137661562499995
 0.3168962999999994
-0.04517556046874979
-0.2017676650781246
 0.2161502023289057
-0.04018291831124979
-0.129190278301488
 0.1470111829794452
-0.0334795017808624
-0.08233200337649937
 0.09971062190120919
-0.02675557712806621
-0.05219860633916549
 0
-0.85
 1.275
-0.8202500000000001
-0.408
 1.66602125
-1.974751875
 0.8212905062499999
 1.3056204
-3.013788900531249
 2.842961136796875
-0.3917229680126543
-3.065620608764998
 5.101794927043762
-3.713369908302619
-0.9857516187973118
 6.250307760364823
-8.108770810392697
 4.131510743520244
 4.222504376074258
 0
-0.7499999999999999
 0.975
-0.5287500000000002
-0.2729999999999996
 0.8757187499999994
-0.8695293749999998
 0.2678052187500005
 0.5083396499999991
-0.9246296854687494
 0.701304035859375
-0.0009350064304688703
-0.6895689669618738
 0.8973606383844486
-0.4873433974423376
-0.2503538121336435
 0.8054932022544379
-0.8005426579791316
 0.2472946511522495
 0.4670514716115205
 0
-1.05
 0.9449999999999995
 0.5197499999999995
-1.700999999999998
 0.852626249999999
 1.452441374999998
-2.419874493749997
 0.2824510499999998
 2.903730269343745
-2.981955862659368
-1.105607725100149
 4.886499353360609
-2.955031336768845
-3.717353453043619
 7.201934002222612
-1.630594345778416
-7.930988961699932
 9.265815686770754
 2.010706476924703
 0
-0.9500000000000001
 0.8549999999999998
 0.2802500000000006
-1.197
 0.7676237499999988
 0.6318236250000011
-1.416865506249999
 0.5770138499999978
 1.046323919406253
-1.579291831715623
 0.2651747176001542
 1.506460228205626
-1.648832268333231
-0.180689510667309
 1.984580216108798
-1.586460285210542
-0.7651468821107376
 2.441670809057311
-1.352016423419218
 0
-1.05
 0.7349999999999997
 0.7717499999999997
-1.440599999999999
 0.06302624999999992
 1.720616624999998
-1.281638793749998
-1.210608209999998
 2.417433269343745
-0.2092082312906245
-2.81490999304265
 2.22671707846087
 1.889562786554636
-4.050422371702809
 0.5205812466625371
 4.597360532672163
-3.855864400032122
-2.932661572500914
 6.776296990789986
 0
-0.8499999999999999
 0.5949999999999999
 0.3017499999999997
-0.7139999999999995
 0.2448212499999996
 0.4319551249999994
-0.5092425437499994
-0.008532300000000001
 0.4362825594687494
-0.2981879981281244
-0.1599271640614062
 0.3639178732612493
-0.1196040576509867
-0.223787762550065
 0.2577168625001291
 0.008698855604714615
-0.2238599477359092
 0.1493514304291525
 0.08461565453643655
 0
-0.9499999999999998
 0.6649999999999996
 0.5082500000000002
-1.037399999999999
 0.2052237499999992
 0.9196783749999998
-0.8541292062499986
-0.3447798900000008
 1.116828359406249
-0.4283804643343731
-0.8448827433573436
 1.030507896292872
 0.1446492845362665
-1.15752509287558
 0.6620020483632311
 0.7230617863432069
-1.184695350012559
 0.0881484140070033
 1.15260884395797
