%%MatrixMarket matrix array real general
20 10
 1
 0.04999999999999973
-0.7199999999999999
-0.1082499999999991
 0.5111749999999997
 0.1295987499999994
-0.357642
-0.1297232937499991
 0.2463181206249999
 0.1186812000312493
-0.1667125174499999
-0.1027151217676558
 0.1105950629744846
 0.08552796957899853
-0.07162862369860144
-0.06917064031463406
 0.0450136881500226
 0.05465008304311195
-0.02716991560445517
-0.04233830176670167
 1
 0.5499999999999998
-0.1200000000000001
-0.5307499999999998
-0.4968249999999995
-0.1617137499999995
 0.1823130000000001
 0.3177867687499996
 0.2173885206249995
 0.008731965343749804
-0.1480015155749999
-0.1691323420067183
-0.07874447741551525
 0.036002022797804
 0.09669197120383291
 0.0802597017958083
 0.01818399285261027
-0.03818589166408969
-0.0551878756486411
-0.03302189175704012
 1
 0.04999999999999986
-0.8999999999999998
-0.1352499999999996
 0.8009749999999998
 0.2024987499999993
-0.7046324999999998
-0.2537246187499997
 0.6123199506249999
 0.2908527750312485
-0.5250642778125
-0.3157281891845305
 0.4436103525018594
 0.3300950464621852
-0.3684578643679637
-0.3355818034850744
 0.2998961869045003
 0.3336911508444418
-0.2380369340641292
-0.3257941849206329
 1
 0.1499999999999999
-0.8799999999999999
-0.4027499999999998
 0.693175
 0.5804962499999996
-0.4670380000000001
-0.6770704312499998
 0.2288890206250003
 0.6949568550937494
-0.003235287550000497
-0.6438056772267182
-0.190149062184265
 0.5384755327794353
 0.3374305423542763
-0.3968607051146943
-0.431181463212113
 0.2377417132674591
 0.4701653674514418
-0.07886147453696626
 1
 0.5499999999999996
-0.6000000000000002
-1.322749999999999
-0.7320249999999984
 0.7886862500000013
 1.749644999999998
 0.9742425687499968
-1.036655399375001
-2.314283234656246
-1.296541801874991
 1.362515315698283
 3.061099718527477
 1.72537873496379
-1.790708552365436
-4.048860783233349
-2.295943055956328
 2.353339882244225
 5.355285252896019
 3.055039220081322
 1
 0.5499999999999998
-0.4199999999999997
-1.025749999999999
-0.6978249999999989
 0.2837862499999997
 1.027435499999998
 0.8392981437499976
-0.1298934293749998
-1.003163369656247
-0.9703389415124963
-0.03913038176609353
 0.9515539951076052
 1.086818035928612
 0.2201569945361763
-0.8718157928370313
-1.184658291520315
-0.4095129330143883
 0.7638105224924945
 1.259942331081492
 1
 0.85
 0.1599999999999999
-0.8202500000000005
-1.600025
-1.66602125
-0.7762039999999985
 0.8212905062500009
 2.393616000625
 3.013788900531249
 2.0476445701
-0.3917229680126587
-3.297152318200019
-5.101794927043762
-4.436210647087372
-0.9857516187973061
 4.024752929551862
 8.108770810392699
 8.613102863193445
 4.222504376074234
 1
 0.6499999999999999
-0.2999999999999999
-1.134249999999999
-1.131024999999999
-0.1716162499999997
 1.071922499999998
 1.589999856249997
 0.8396485506249985
-0.7290067195937477
-1.909106325937496
-1.647125529783901
 0.0446635544793581
 1.944021352425734
 2.476087988274587
 0.9930099362295001
-1.544207829476053
-3.144466555301644
-2.319688557142058
 0.5848190815357079
 1
 1.05
 1.079999999999999
 1.086749999999999
 1.067174999999999
 1.018473749999999
 0.9382229999999987
 0.8244853312499989
 0.6759183206249992
 0.4918824756562498
 0.2725450881750007
 0.01897690005422006
-0.266761734083013
-0.5815486541353247
-0.9211452228407925
-1.280162732063423
-1.652053361637297
-2.029128985866973
-2.402610838478684
-2.762712651704891
 1
 0.8499999999999998
 0.2999999999999998
-0.4632499999999998
-1.131024999999999
-1.392321249999998
-1.071922499999998
-0.2280604187499993
 0.8396485506249991
 1.688531715531247
 1.909106325937495
 1.312111939810465
 0.04466355447935775
-1.426440128468073
-2.476087988274588
-2.576075632970855
-1.544207829476051
 0.3244532896423395
 2.319688557142059
 3.571971530501017
