%%MatrixMarket matrix array real general
20 10
 1
-0.2499999999999999
-0.6599999999999998
 0.5262499999999996
 0.254975
-0.5405937499999995
 0.07014149999999957
 0.3892953437499995
-0.2497087493749995
-0.1807424701562501
 0.2863926033374996
-0.001313462596093539
-0.2241614623218903
 0.1131117992988783
 0.1194108482732443
-0.1484981865862419
-0.01948842260137601
 0.1263152877708879
-0.04785923214336361
-0.07522788482846496
 1
-0.9499999999999998
 0.78
-0.5082500000000001
 0.1661750000000005
 0.2052237499999991
-0.5602544999999989
 0.8541292062499986
-1.048584629374999
 1.116828359406249
-1.047174637762499
 0.8448827433573437
-0.5319232086723911
 0.1446492845362664
 0.2703876482702947
-0.6620020483632327
 0.9806565524130902
-1.184695350012558
 1.245748198800443
-1.15260884395797
 1
-0.95
 0.8999999999999998
-0.8502499999999998
 0.8009749999999998
-0.7523762499999999
 0.7046324999999998
-0.6579012437499999
 0.6123199506249999
-0.5680072805937501
 0.5250642778125001
-0.4835755389064063
 0.4436103525018597
-0.4052238070432355
 0.3684578643679645
-0.3333423969250044
 0.2998961869045005
-0.268127885901422
 0.2380369340641288
-0.2096144379810578
 1
-0.8499999999999999
 0.6999999999999998
-0.5567499999999999
 0.4249749999999998
-0.3076787499999999
 0.2064474999999999
-0.12174008125
 0.05315475062500008
 0.0003332844687498446
-0.04016687281249979
 0.06803538685203099
-0.08573583740314038
 0.09506456038057549
-0.09773655378163877
 0.09532904394525715
-0.0892456421396163
 0.08069745389813113
-0.07069766823280876
 0.06006643284166721
 1
-1.05
 0.9799999999999995
-0.7717499999999998
 0.420175
 0.06302624999999941
-0.6470694999999985
 1.281638793749998
-1.898781329374996
 2.417433269343745
-2.750602737137494
 2.814909993042651
-2.541822632396136
 1.889562786554639
-0.854349127079476
-0.5205812466625329
 2.139798298663677
-3.855864400032117
 5.476062324204442
-6.776296990789985
 1
-0.25
-0.8400000000000001
 0.6612499999999999
 0.4799750000000002
-0.8780937499999997
-0.0241290000000003
 0.8594249687499996
-0.4064279993749995
-0.6261310951562504
 0.7052685669749991
 0.2515822233382813
-0.8063752788000152
 0.1604107938785667
 0.6979467471027314
-0.503769789644182
-0.4216337161320454
 0.6969547050726578
 0.05839918353109545
-0.7017608821606623
 1
-0.4499999999999998
-0.52
 0.8842499999999993
-0.3148249999999993
-0.5345887499999998
 0.7723429999999989
-0.2006141062499988
-0.5338645793749998
 0.6660461697187485
-0.1056168168249991
-0.5210375718473435
 0.5666293702257325
-0.02800667924436684
-0.4989261561388726
 0.4749397188260239
 0.03406094748503528
-0.4699740926506038
 0.3914703069618853
 0.0824027594361116
 1
-0.8499999999999998
 0.7199999999999999
-0.6077499999999998
 0.5111749999999997
-0.4283787499999997
 0.3576419999999997
-0.2974168062499998
 0.2463181206249998
-0.2031136205312498
 0.1667125174499999
-0.1361539047798437
 0.1105950629744843
-0.0893000260912367
 0.07162862369860126
-0.05702614137147554
 0.0450136881500225
-0.03517931736071848
 0.02716991560445511
-0.02068385144105281
 1
-0.9500000000000001
 0.8400000000000001
-0.6792500000000001
 0.4799750000000004
-0.2564762500000005
 0.02412900000000063
 0.2016544812499992
-0.4064279993749991
 0.5776166244062492
-0.7052685669749992
 0.7826102347004681
-0.8063752788000151
 0.7768941532340772
-0.6979467471027321
 0.5763959616243065
-0.4216337161320459
 0.2448819576834318
-0.05839918353109561
-0.12535264045543
 1
-0.7499999999999999
 0.1399999999999999
 0.5287499999999999
-0.9310249999999998
 0.8757187499999997
-0.3965184999999997
-0.2678052187500001
 0.7922785506249997
-0.9246296854687494
 0.6065501558374993
 0.0009350064304690679
-0.5988544131456404
 0.8973606383844482
-0.7561693606282167
 0.2503538121336428
 0.3692961020183281
-0.8005426579791306
 0.8370573264806432
-0.4670514716115201
