%%MatrixMarket matrix array real general
20 10
 1
-0.7499999999999998
 6.888638245203858e-17
 0.8437499999999992
-1.265624999999998
 0.9492187499999988
-2.615529833725836e-16
-1.067871093749998
 1.601806640624996
-1.201354980468747
 5.51713324301543e-16
 1.351524353027338
-2.027286529541009
 1.520464897155755
-9.775670464967953e-16
-1.710523009300222
 2.565784513950335
-1.92433838546275
 1.590728519857507e-15
 2.16488068364559
 1
-0.15
-0.6999999999999997
 0.3217499999999999
 0.4249749999999998
-0.3671962499999996
-0.2064474999999997
 0.3354954562499995
 0.053154750625
-0.2658905400937496
 0.04016687281249978
 0.1860383905260934
-0.08573583740314056
-0.1128778497209973
 0.0977365537816387
 0.05477303190765151
-0.08924564213961633
-0.01403221612931537
 0.07069766823280876
-0.01075529945350254
 1
-0.4499999999999998
-0.3599999999999999
 0.6682499999999996
-0.3260249999999996
-0.2177887499999999
 0.4454189999999993
-0.2342687062499995
-0.1299036993749999
 0.2961288897187494
-0.1671396707249996
-0.07611289698234365
 0.1963634553887338
-0.1185007436583675
-0.04356737407985057
 0.1298637055705166
-0.08354829384237926
-0.02415227030330369
 0.08565148806239357
-0.05860985247412665
 1
-0.7499999999999999
-0.16
 1.20375
-1.600025
 0.8532187500000002
 0.7762039999999996
-2.260692093749999
 2.393616000624999
-0.6854346604687492
-2.047644570099998
 3.952250393852343
-3.297152318200016
-0.1329132788002419
 4.436210647087375
-6.483522407372756
 4.024752929551857
 2.294196899146201
-8.613102863193447
 9.971611279387288
 1
-0.65
-0.1399999999999998
 0.8222499999999997
-0.9310249999999999
 0.4004162500000003
 0.3965184999999993
-0.9098840562499994
 0.792278550625
-0.1337263204062507
-0.6065501558374989
 0.9202356281889055
-0.5988544131456408
-0.1279213566767378
 0.7561693606282164
-0.8570176324900936
 0.3692961020183289
 0.3640774353789138
-0.8370573264806429
 0.7295582505766046
 1
-0.4499999999999999
-0.8999999999999995
 1.397249999999999
-0.08302500000000002
-1.748688749999997
 1.682167499999997
 0.7680880687499962
-2.886507849374994
 1.595502134718744
 2.330940822187493
-4.179977025776708
 0.7201015502443578
 4.806778623418681
-5.265833284145702
-1.53359614783024
 8.25214896885735
-5.425591099053136
-5.886022415211024
 12.37781655795426
 1
-0.4499999999999998
-0.7000000000000003
 1.12725
-0.2410249999999991
-1.028688750000001
 1.192152499999999
 0.0637638187500018
-1.374715949375
 1.166785334718747
 0.4689543228125027
-1.711356685395468
 1.022026490148106
 0.9712252962286995
-2.003442038219484
 0.7298938820648257
 1.556898958374189
-2.207741802218399
 0.2665942729930761
 2.199619845757558
 1
-0.3499999999999999
-0.9799999999999995
 1.114749999999999
 0.4201749999999997
-1.659691249999999
 0.6470694999999992
 1.580173131249998
-1.898781329374997
-0.6065651552187489
 2.750602737137494
-1.182379600853279
-2.541822632396134
 3.22769085372256
 0.8543491270794724
-4.551965684765764
 2.139798298663681
 4.078299154773482
-5.476062324204445
-1.162672837654403
 1
-0.3499999999999999
-0.5999999999999999
 0.7157499999999998
 0.005975000000000004
-0.6089912499999995
 0.4212449999999998
 0.2197261062499997
-0.5097602993749994
 0.1711636497812496
 0.3109328981249996
-0.3622863127526555
-0.009137879988765297
 0.3125284502681298
-0.211048406597184
-0.1163526558585409
 0.259782762675599
-0.08352993967245215
-0.1610454766901646
 0.1833146327063372
 1
-0.3499999999999999
-0.78
 0.9047499999999994
 0.1661750000000005
-1.04369125
 0.5602544999999989
 0.6776053812500001
-1.048584629374999
 0.03946372478124865
 1.047174637762499
-0.7734725643345289
-0.5319232086723913
 1.165155624513566
-0.2703876482702946
-1.0050131613372
 0.9806565524130902
 0.343678903681463
-1.245748198800443
 0.5197528628868059
