%%MatrixMarket matrix array real general
20 10
 1
-0.7499999999999999
 0.2600000000000001
 0.2587499999999996
-0.6130249999999994
 0.6957187499999995
-0.5133114999999998
 0.1681705312500004
 0.1917586506249993
-0.4331054854687492
 0.4837869954124993
-0.3510442481882811
 0.1080906212506097
 0.1415173428069485
-0.3057744015921999
 0.3362491008602895
-0.2398787939131815
 0.06896271862562194
 0.1040510787964694
-0.2157293698058667
 1
-0.8499999999999999
 0.5999999999999999
-0.30175
 0.005975000000000179
 0.2448212499999996
-0.4212449999999995
 0.5092425437499994
-0.5097602993749994
 0.4362825594687495
-0.3109328981249996
 0.1599271640614061
-0.009137879988765887
-0.1196040576509862
 0.2110484065971838
-0.2577168625001289
 0.259782762675599
-0.2238599477359093
 0.1610454766901647
-0.0846156545364366
 1
-0.1499999999999999
-1.079999999999999
 0.4927499999999991
 1.067174999999999
-0.8744962499999985
-0.9382229999999991
 1.265275181249998
 0.6759183206249991
-1.626210075093745
-0.2725450881749996
 1.911249860932962
-0.2667617340830113
-2.070127573324679
 0.9211452228407954
 2.052549953138023
-1.652053361637297
-1.813502688789087
 2.402610838478682
 1.319407273344112
 1
-0.85
 0.52
-0.09775000000000031
-0.3148249999999994
 0.6256212499999992
-0.772342999999999
 0.7342834437499992
-0.5338645793749996
 0.2283575994687502
 0.1056168168249993
-0.3907793681110925
 0.5666293702257327
-0.6017990138809853
 0.4989261561388724
-0.2915103775961715
 0.03406094748503486
 0.211743488551899
-0.3914703069618861
 0.4696367949246993
 1
-1.05
 1.1
-1.149749999999999
 1.198974999999999
-1.247373749999999
 1.294617499999998
-1.340348756249998
 1.384180050624998
-1.425692730656248
 1.464435778437498
-1.499924667343591
 1.531640266248107
-1.559027801706356
 1.581495889379189
-1.598415646810774
 1.609119900538622
-1.612902501405201
 1.609017762855745
-1.596680037944317
 1
-1.05
 1.04
-0.9607499999999997
 0.8059749999999998
-0.5732737500000001
 0.2649140000000003
 0.111544518749999
-0.5428682993749986
 1.010074064343748
-1.488713966349997
 1.949563044374527
-2.359730622388761
 2.684193360320074
-2.887719881589249
 2.937126486564536
-2.803771959734052
 2.466168758593824
-1.912560059956859
 1.143289522147603
 1
-0.6499999999999999
 5.174132726397566e-17
 0.5492499999999997
-0.7140249999999995
 0.4641162499999997
-1.108338035989806e-16
-0.3921782312499995
 0.5098317006249994
-0.3313906054062496
 1.318968443579368e-16
 0.2800250615682804
-0.3640325800387649
 0.2366211770251971
-1.31848702009746e-16
-0.1999448945862913
 0.259928362962179
-0.1689534359254162
 1.210413464389399e-16
 0.1427656533569765
 1
-0.6499999999999999
 0.12
 0.3152499999999997
-0.4968249999999995
 0.4173162499999996
-0.1823129999999999
-0.06554738124999981
 0.2173885206249996
-0.2350832254062496
 0.1480015155749998
-0.02196663182796879
-0.07874447741551538
 0.1182936287154473
-0.09669197120383288
 0.03993668174628345
 0.01818399285261033
-0.05259328497444892
 0.0551878756486411
-0.03361410673675796
 1
-0.5499999999999998
-0.2600000000000002
 0.7617499999999998
-0.6130249999999993
 0.01541374999999936
 0.5133114999999998
-0.5779755437499992
 0.1917586506249991
 0.2890143296562501
-0.4837869954124993
 0.2821682998010924
 0.1080906212506098
-0.362975262703616
 0.3057744015921997
-0.02237823951279217
-0.2398787939131816
 0.2832238504830647
-0.1040510787964692
-0.1305324439917353
 1
-0.95
 0.8799999999999999
-0.7932499999999999
 0.693175
-0.5832762500000002
 0.4670380000000001
-0.3478416687500002
 0.2288890206250003
-0.1131355955937505
 0.003235287550000611
 0.09850337957921813
-0.1901490621842649
 0.2701675920393267
-0.3374305423542754
 0.3912130078367462
-0.431181463212113
 0.4573727478540245
-0.4701653674514421
 0.4702444063927672
