%%MatrixMarket matrix array real general
160 1
 0.1017677297363773
 0.4006613804643707
 0.3779634463380271
 0.09035879783407967
 0.197856333571798
 0.524827016016837
 0.1017677297363773
 0.04363520781538578
 0.4859142132924874
 0.06288008803035675
 0.1284261081985134
 0.2397943331565491
 0.06288008803035675
 0.09035879783407967
 0.524827016016837
 0.1144365892358271
 0.1978563335717984
 0.524827016016837
 0.03864608740508486
 0.07100388968267764
 0.197856333571798
 0.5056771389135498
 0.3315586133231366
 0.4859142132924874
 0.524827016016837
 0.3779634463380271
 0.1144365892358271
 0.4655223900439983
 0.03864608740508486
 0.4006613804643707
 0.3315586133231366
 0.262069991270895
 0.1284261081985131
 0.5056771389135498
 0.1978563335717984
 0.1284261081985131
 0.1284261081985134
 0.4655223900439983
 0.1144365892358271
 0.04363520781538578
 0.1017677297363773
 0.4006613804643707
 0.3779634463380271
 0.09035879783407967
 0.197856333571798
 0.524827016016837
 0.1017677297363773
 0.04363520781538578
 0.4859142132924874
 0.06288008803035675
 0.1284261081985134
 0.2397943331565491
 0.06288008803035675
 0.09035879783407967
 0.524827016016837
 0.1144365892358271
 0.1978563335717984
 0.524827016016837
 0.03864608740508486
 0.07100388968267764
 0.197856333571798
 0.5056771389135498
 0.3315586133231366
 0.4859142132924874
 0.524827016016837
 0.3779634463380271
 0.1144365892358271
 0.4655223900439983
 0.03864608740508486
 0.4006613804643707
 0.3315586133231366
 0.262069991270895
 0.1284261081985131
 0.5056771389135498
 0.1978563335717984
 0.1284261081985131
 0.1284261081985134
 0.4655223900439983
 0.1144365892358271
 0.04363520781538578
 0.1017677297363773
 0.4006613804643707
 0.3779634463380271
 0.09035879783407967
 0.197856333571798
 0.524827016016837
 0.1017677297363773
 0.04363520781538578
 0.4859142132924874
 0.06288008803035675
 0.1284261081985134
 0.2397943331565491
 0.06288008803035675
 0.09035879783407967
 0.524827016016837
 0.1144365892358271
 0.1978563335717984
 0.524827016016837
 0.03864608740508486
 0.07100388968267764
 0.197856333571798
 0.5056771389135498
 0.3315586133231366
 0.4859142132924874
 0.524827016016837
 0.3779634463380271
 0.1144365892358271
 0.4655223900439983
 0.03864608740508486
 0.4006613804643707
 0.3315586133231366
 0.262069991270895
 0.1284261081985131
 0.5056771389135498
 0.1978563335717984
 0.1284261081985131
 0.1284261081985134
 0.4655223900439983
 0.1144365892358271
 0.04363520781538578
 0.1017677297363773
 0.4006613804643707
 0.3779634463380271
 0.09035879783407967
 0.197856333571798
 0.524827016016837
 0.1017677297363773
 0.04363520781538578
 0.4859142132924874
 0.06288008803035675
 0.1284261081985134
 0.2397943331565491
 0.06288008803035675
 0.09035879783407967
 0.524827016016837
 0.1144365892358271
 0.1978563335717984
 0.524827016016837
 0.03864608740508486
 0.07100388968267764
 0.197856333571798
 0.5056771389135498
 0.3315586133231366
 0.4859142132924874
 0.524827016016837
 0.3779634463380271
 0.1144365892358271
 0.4655223900439983
 0.03864608740508486
 0.4006613804643707
 0.3315586133231366
 0.262069991270895
 0.1284261081985131
 0.5056771389135498
 0.1978563335717984
 0.1284261081985131
 0.1284261081985134
 0.4655223900439983
 0.1144365892358271
 0.04363520781538578
