%%MatrixMarket matrix array real general
256 1
-0.2330595508390553
-0.1993133990070137
-0.05875914320277867
 0.217670819275838
 0.3338920506994462
 0.3263264368275365
-0.1546188995962841
-0.03634654955877874
 0.1652621935830952
-0.07240100620961924
-0.1127187600303214
 0.233581351423217
-0.1392292030391356
 0.09575848459763089
-0.1759548026522057
 0.01089908420962681
 0.4297491891311406
 0.1128413991583832
 0.2194629005038996
 0.07698888344934619
-0.04347149203731503
 0.3357518847799694
-0.1740997357628056
 0.1284168167842039
-0.04328006437312933
 0.1196932564808479
-0.1937244620575593
-0.07003270516172684
 0.1343762666630718
 0.03901243988144976
-0.1073954739474123
 0.1399766641129407
-0.04361164163166584
-0.1165246519128115
 0.0121077815325129
 0.04653917563130641
 0.1720541381698112
-0.07821734550505144
-0.07526852331352996
 0.3224478795208116
-0.04993744868414696
 0.05785889351106782
 0.1037929349594403
-0.03389898883599013
 0.1022108928806109
-0.3325698696010268
 0.2819980490510401
-0.5225700220871186
-0.216360940022695
 0.2054346567424079
-0.1412829292419919
-0.0283597752231522
-0.3747396103243146
-0.2115471115790013
-0.1660678444338817
 0.01938283744572055
-0.1239724828935556
-0.3273048453314689
-0.08746418199834646
 0.1821989859397189
-0.2301134031491779
 0.1242690006098261
-0.03035986332760032
-0.02698705820958967
-0.2419689927546816
 0.2281985207175058
 0.06117465109009217
 0.1489545555320965
-0.1545457747102169
-0.07806353199887896
-0.08734646504751853
-0.06167398469725016
-0.1748500733355291
 0.04221165208322596
-0.1647317491695072
-0.1099065333832126
 0.01137097708251293
-0.1237014842114958
-0.1866818399148772
 0.1825726323087674
 0.02806362976235122
 0.2496843248846638
 0.124977007015656
 0.03899790204818828
 0.1184350184864772
 0.1728619841773538
-0.03971384212641829
 0.3173737373781457
 0.1309016178464726
-0.04416945307014807
-0.08157856711647718
 0.2106651299073776
-0.3077731774224485
 0.2667114250984547
 0.01170862059881305
 0.1616564069924739
 0.1051852308585982
 0.02607373873323859
 0.0492956016045082
-0.07426698734897473
 0.04388860299731059
 0.3148967368415719
 0.407319725118079
 0.04218491789811599
 0.1431418886567561
 0.213121599776804
-0.02564144163427665
-0.225952405529993
 0.311656444066307
-0.2310140015761341
-0.02806611782393243
 0.05100366757924543
-0.4405617002228356
-0.1433478958366649
-0.1377336038052215
-0.2829077581861674
-0.06032747106387075
 0.003427705039415429
-0.01593188303349676
-0.09974309732257575
-0.009778720249456169
 0.2357543641749333
-0.2138542938180778
-0.1601799042505331
-0.04614716963828492
-0.3020569177907276
-0.1896766941705997
 0.1733449508527536
 0.01624911305560496
-0.4169130065487557
 0.2065527314054567
-0.07367802672431287
 0.1388683372872681
-0.363034634214787
-0.03695224938516781
-0.3120536101693417
-0.0533916194993741
-0.05966154768375592
-0.1288732167018695
 0.2998808741038201
-0.3331562186388885
 0.1537348941815746
-0.3217382086054643
 0.07570390370692701
 0.1012840115619558
 0.015969526933115
 0.2845969596530585
-0.1884690542976791
 0.1230814854760489
-0.2349860681704578
 0.008509659849243016
 0.2452314166742348
 0.1301010332732358
 0.1474961182283763
-0.1877900702258871
 0.4594690245545008
-0.1735300270611422
 0.08598688052017489
 0.04100881827747146
 0.1549366869097757
 0.03785643042780725
 0.4529150141202338
 0.326904698641485
 0.04959476508447031
-0.09831811941334095
-0.2906636311698453
-0.2337185016302523
-0.5712100767406301
 0.3931638021014261
 0.0021719334815192
-0.06787679914229186
 0.1497146734813263
-0.05328901837543536
 0.09767065016898216
 0.09227522814437758
 0.220422369127318
-0.1474895459328229
-0.02558687191129493
 0.1123502815882136
-0.07633606858253643
-0.0471309080026428
-0.2317767885732708
-0.3246019566201039
-0.09208392837802915
-0.08463398629393362
 0.06443604581636842
 0.1532382102088225
 0.1464724309030765
 0.04343697325666369
-0.3594912656063763
-0.3156200718051718
-0.06871421144363717
 0.361478798696608
-0.07780406675542367
-0.362552934622601
-0.005280760478985368
 0.004108056411704503
 0.2058809446869018
-0.3249772390113367
 0.2258452959040859
-0.2283849034047489
-0.03228802626947473
-0.09018242468574064
 0.03755681877137188
-0.1520707811845243
-0.1531189534538799
-0.001636354658949055
 0.2413562559602194
-0.05851521681120084
 0.005740924195508059
-0.3462694833674384
 0.2654563941774675
-0.08271076762632193
 0.04286305435593089
-0.2181220896394288
-0.1634402127174663
-0.1188475912490715
 0.007853839015606531
 0.01154717911199616
 0.03881014785017201
-0.05765821495505751
-0.05569368018061172
 0.02657829134224565
-0.1482240428143427
 0.04633187980398469
 0.05399655625355965
-0.005276870571167161
 0.1034310667893569
-0.07870275217599201
-0.04164161336604833
-0.03598969371641008
 0.2055545690556405
 0.1118947208894069
-0.1938881389371281
-0.1806767252853358
 0.1209693973115597
-0.06133170771832097
 0.0009717859732756174
-0.02464017162609629
-0.04277015806592889
-0.08744014651801971
-0.127606222651598
-0.1082790099568538
 0.1888132647025003
 0.1973063810682374
 0.09012599631060202
 0.03515964594004791
-0.01322063483562534
 0.09507871678538787
-0.1780183708457486
 0.4832223805094884
 0.3008659143104633
-0.1949172017050289
-0.0202423582552554
 0.04716582308325643
 0.001283057052061916
