%%MatrixMarket matrix array real general
20 160
 1
 0.2499999999999999
-0.6599999999999998
-0.5262499999999996
 0.254975
 0.5405937499999995
 0.07014149999999957
-0.3892953437499995
-0.2497087493749995
 0.1807424701562501
 0.2863926033374996
 0.001313462596093539
-0.2241614623218903
-0.1131117992988783
 0.1194108482732443
 0.1484981865862419
-0.01948842260137601
-0.1263152877708879
-0.04785923214336361
 0.07522788482846496
 1
 0.9499999999999998
 0.78
 0.5082500000000001
 0.1661750000000005
-0.2052237499999991
-0.5602544999999989
-0.8541292062499986
-1.048584629374999
-1.116828359406249
-1.047174637762499
-0.8448827433573437
-0.5319232086723911
-0.1446492845362664
 0.2703876482702947
 0.6620020483632327
 0.9806565524130902
 1.184695350012558
 1.245748198800443
 1.15260884395797
 1
 0.95
 0.8999999999999998
 0.8502499999999998
 0.8009749999999998
 0.7523762499999999
 0.7046324999999998
 0.6579012437499999
 0.6123199506249999
 0.5680072805937501
 0.5250642778125001
 0.4835755389064063
 0.4436103525018597
 0.4052238070432355
 0.3684578643679645
 0.3333423969250044
 0.2998961869045005
 0.268127885901422
 0.2380369340641288
 0.2096144379810578
 1
 0.8499999999999999
 0.6999999999999998
 0.5567499999999999
 0.4249749999999998
 0.3076787499999999
 0.2064474999999999
 0.12174008125
 0.05315475062500008
-0.0003332844687498446
-0.04016687281249979
-0.06803538685203099
-0.08573583740314038
-0.09506456038057549
-0.09773655378163877
-0.09532904394525715
-0.0892456421396163
-0.08069745389813113
-0.07069766823280876
-0.06006643284166721
 1
 1.05
 0.9799999999999995
 0.7717499999999998
 0.420175
-0.06302624999999941
-0.6470694999999985
-1.281638793749998
-1.898781329374996
-2.417433269343745
-2.750602737137494
-2.814909993042651
-2.541822632396136
-1.889562786554639
-0.854349127079476
 0.5205812466625329
 2.139798298663677
 3.855864400032117
 5.476062324204442
 6.776296990789985
 1
 0.25
-0.8400000000000001
-0.6612499999999999
 0.4799750000000002
 0.8780937499999997
-0.0241290000000003
-0.8594249687499996
-0.4064279993749995
 0.6261310951562504
 0.7052685669749991
-0.2515822233382813
-0.8063752788000152
-0.1604107938785667
 0.6979467471027314
 0.503769789644182
-0.4216337161320454
-0.6969547050726578
 0.05839918353109545
 0.7017608821606623
 1
 0.4499999999999998
-0.52
-0.8842499999999993
-0.3148249999999993
 0.5345887499999998
 0.7723429999999989
 0.2006141062499988
-0.5338645793749998
-0.6660461697187485
-0.1056168168249991
 0.5210375718473435
 0.5666293702257325
 0.02800667924436684
-0.4989261561388726
-0.4749397188260239
 0.03406094748503528
 0.4699740926506038
 0.3914703069618853
-0.0824027594361116
 1
 0.8499999999999998
 0.7199999999999999
 0.6077499999999998
 0.5111749999999997
 0.4283787499999997
 0.3576419999999997
 0.2974168062499998
 0.2463181206249998
 0.2031136205312498
 0.1667125174499999
 0.1361539047798437
 0.1105950629744843
 0.0893000260912367
 0.07162862369860126
 0.05702614137147554
 0.0450136881500225
 0.03517931736071848
 0.02716991560445511
 0.02068385144105281
 1
 0.9500000000000001
 0.8400000000000001
 0.6792500000000001
 0.4799750000000004
 0.2564762500000005
 0.02412900000000063
-0.2016544812499992
-0.4064279993749991
-0.5776166244062492
-0.7052685669749992
-0.7826102347004681
-0.8063752788000151
-0.7768941532340772
-0.6979467471027321
-0.5763959616243065
-0.4216337161320459
-0.2448819576834318
-0.05839918353109561
 0.12535264045543
 1
 0.7499999999999999
 0.1399999999999999
-0.5287499999999999
-0.9310249999999998
-0.8757187499999997
-0.3965184999999997
 0.2678052187500001
 0.7922785506249997
 0.9246296854687494
 0.6065501558374993
-0.0009350064304690679
-0.5988544131456404
-0.8973606383844482
-0.7561693606282167
-0.2503538121336428
 0.3692961020183281
 0.8005426579791306
 0.8370573264806432
 0.4670514716115201
 1
 0.04999999999999973
-0.7199999999999999
-0.1082499999999991
 0.5111749999999997
 0.1295987499999994
-0.357642
-0.1297232937499991
 0.2463181206249999
 0.1186812000312493
-0.1667125174499999
-0.1027151217676558
 0.1105950629744846
 0.08552796957899853
-0.07162862369860144
-0.06917064031463406
 0.0450136881500226
 0.05465008304311195
-0.02716991560445517
-0.04233830176670167
 1
 0.5499999999999998
-0.1200000000000001
-0.5307499999999998
-0.4968249999999995
-0.1617137499999995
 0.1823130000000001
 0.3177867687499996
 0.2173885206249995
 0.008731965343749804
-0.1480015155749999
-0.1691323420067183
-0.07874447741551525
 0.036002022797804
 0.09669197120383291
 0.0802597017958083
 0.01818399285261027
-0.03818589166408969
-0.0551878756486411
-0.03302189175704012
 1
 0.04999999999999986
-0.8999999999999998
-0.1352499999999996
 0.8009749999999998
 0.2024987499999993
-0.7046324999999998
-0.2537246187499997
 0.6123199506249999
 0.2908527750312485
-0.5250642778125
-0.3157281891845305
 0.4436103525018594
 0.3300950464621852
-0.3684578643679637
-0.3355818034850744
 0.2998961869045003
 0.3336911508444418
-0.2380369340641292
-0.3257941849206329
 1
 0.1499999999999999
-0.8799999999999999
-0.4027499999999998
 0.693175
 0.5804962499999996
-0.4670380000000001
-0.6770704312499998
 0.2288890206250003
 0.6949568550937494
-0.003235287550000497
-0.6438056772267182
-0.190149062184265
 0.5384755327794353
 0.3374305423542763
-0.3968607051146943
-0.431181463212113
 0.2377417132674591
 0.4701653674514418
-0.07886147453696626
 1
 0.5499999999999996
-0.6000000000000002
-1.322749999999999
-0.7320249999999984
 0.7886862500000013
 1.749644999999998
 0.9742425687499968
-1.036655399375001
-2.314283234656246
-1.296541801874991
 1.362515315698283
 3.061099718527477
 1.72537873496379
-1.790708552365436
-4.048860783233349
-2.295943055956328
 2.353339882244225
 5.355285252896019
 3.055039220081322
 1
 0.5499999999999998
-0.4199999999999997
-1.025749999999999
-0.6978249999999989
 0.2837862499999997
 1.027435499999998
 0.8392981437499976
-0.1298934293749998
-1.003163369656247
-0.9703389415124963
-0.03913038176609353
 0.9515539951076052
 1.086818035928612
 0.2201569945361763
-0.8718157928370313
-1.184658291520315
-0.4095129330143883
 0.7638105224924945
 1.259942331081492
 1
 0.85
 0.1599999999999999
-0.8202500000000005
-1.600025
-1.66602125
-0.7762039999999985
 0.8212905062500009
 2.393616000625
 3.013788900531249
 2.0476445701
-0.3917229680126587
-3.297152318200019
-5.101794927043762
-4.436210647087372
-0.9857516187973061
 4.024752929551862
 8.108770810392699
 8.613102863193445
 4.222504376074234
 1
 0.6499999999999999
-0.2999999999999999
-1.134249999999999
-1.131024999999999
-0.1716162499999997
 1.071922499999998
 1.589999856249997
 0.8396485506249985
-0.7290067195937477
-1.909106325937496
-1.647125529783901
 0.0446635544793581
 1.944021352425734
 2.476087988274587
 0.9930099362295001
-1.544207829476053
-3.144466555301644
-2.319688557142058
 0.5848190815357079
 1
 1.05
 1.079999999999999
 1.086749999999999
 1.067174999999999
 1.018473749999999
 0.9382229999999987
 0.8244853312499989
 0.6759183206249992
 0.4918824756562498
 0.2725450881750007
 0.01897690005422006
-0.266761734083013
-0.5815486541353247
-0.9211452228407925
-1.280162732063423
-1.652053361637297
-2.029128985866973
-2.402610838478684
-2.762712651704891
 1
 0.8499999999999998
 0.2999999999999998
-0.4632499999999998
-1.131024999999999
-1.392321249999998
-1.071922499999998
-0.2280604187499993
 0.8396485506249991
 1.688531715531247
 1.909106325937495
 1.312111939810465
 0.04466355447935775
-1.426440128468073
-2.476087988274588
-2.576075632970855
-1.544207829476051
 0.3244532896423395
 2.319688557142059
 3.571971530501017
 1
 0.7499999999999998
 6.888638245203858e-17
-0.8437499999999992
-1.265624999999998
-0.9492187499999988
-2.615529833725836e-16
 1.067871093749998
 1.601806640624996
 1.201354980468747
 5.51713324301543e-16
-1.351524353027338
-2.027286529541009
-1.520464897155755
-9.775670464967953e-16
 1.710523009300222
 2.565784513950335
 1.92433838546275
 1.590728519857507e-15
-2.16488068364559
 1
 0.15
-0.6999999999999997
-0.3217499999999999
 0.4249749999999998
 0.3671962499999996
-0.2064474999999997
-0.3354954562499995
 0.053154750625
 0.2658905400937496
 0.04016687281249978
-0.1860383905260934
-0.08573583740314056
 0.1128778497209973
 0.0977365537816387
-0.05477303190765151
-0.08924564213961633
 0.01403221612931537
 0.07069766823280876
 0.01075529945350254
 1
 0.4499999999999998
-0.3599999999999999
-0.6682499999999996
-0.3260249999999996
 0.2177887499999999
 0.4454189999999993
 0.2342687062499995
-0.1299036993749999
-0.2961288897187494
-0.1671396707249996
 0.07611289698234365
 0.1963634553887338
 0.1185007436583675
-0.04356737407985057
-0.1298637055705166
-0.08354829384237926
 0.02415227030330369
 0.08565148806239357
 0.05860985247412665
 1
 0.7499999999999999
-0.16
-1.20375
-1.600025
-0.8532187500000002
 0.7762039999999996
 2.260692093749999
 2.393616000624999
 0.6854346604687492
-2.047644570099998
-3.952250393852343
-3.297152318200016
 0.1329132788002419
 4.436210647087375
 6.483522407372756
 4.024752929551857
-2.294196899146201
-8.613102863193447
-9.971611279387288
 1
 0.65
-0.1399999999999998
-0.8222499999999997
-0.9310249999999999
-0.4004162500000003
 0.3965184999999993
 0.9098840562499994
 0.792278550625
 0.1337263204062507
-0.6065501558374989
-0.9202356281889055
-0.5988544131456408
 0.1279213566767378
 0.7561693606282164
 0.8570176324900936
 0.3692961020183289
-0.3640774353789138
-0.8370573264806429
-0.7295582505766046
 1
 0.4499999999999999
-0.8999999999999995
-1.397249999999999
-0.08302500000000002
 1.748688749999997
 1.682167499999997
-0.7680880687499962
-2.886507849374994
-1.595502134718744
 2.330940822187493
 4.179977025776708
 0.7201015502443578
-4.806778623418681
-5.265833284145702
 1.53359614783024
 8.25214896885735
 5.425591099053136
-5.886022415211024
-12.37781655795426
 1
 0.4499999999999998
-0.7000000000000003
-1.12725
-0.2410249999999991
 1.028688750000001
 1.192152499999999
-0.0637638187500018
-1.374715949375
-1.166785334718747
 0.4689543228125027
 1.711356685395468
 1.022026490148106
-0.9712252962286995
-2.003442038219484
-0.7298938820648257
 1.556898958374189
 2.207741802218399
 0.2665942729930761
-2.199619845757558
 1
 0.3499999999999999
-0.9799999999999995
-1.114749999999999
 0.4201749999999997
 1.659691249999999
 0.6470694999999992
-1.580173131249998
-1.898781329374997
 0.6065651552187489
 2.750602737137494
 1.182379600853279
-2.541822632396134
-3.22769085372256
 0.8543491270794724
 4.551965684765764
 2.139798298663681
-4.078299154773482
-5.476062324204445
 1.162672837654403
 1
 0.3499999999999999
-0.5999999999999999
-0.7157499999999998
 0.005975000000000004
 0.6089912499999995
 0.4212449999999998
-0.2197261062499997
-0.5097602993749994
-0.1711636497812496
 0.3109328981249996
 0.3622863127526555
-0.009137879988765297
-0.3125284502681298
-0.211048406597184
 0.1163526558585409
 0.259782762675599
 0.08352993967245215
-0.1610454766901646
-0.1833146327063372
 1
 0.3499999999999999
-0.78
-0.9047499999999994
 0.1661750000000005
 1.04369125
 0.5602544999999989
-0.6776053812500001
-1.048584629374999
-0.03946372478124865
 1.047174637762499
 0.7734725643345289
-0.5319232086723913
-1.165155624513566
-0.2703876482702946
 1.0050131613372
 0.9806565524130902
-0.343678903681463
-1.245748198800443
-0.5197528628868059
 1
 0.7499999999999999
 0.2600000000000001
-0.2587499999999996
-0.6130249999999994
-0.6957187499999995
-0.5133114999999998
-0.1681705312500004
 0.1917586506249993
 0.4331054854687492
 0.4837869954124993
 0.3510442481882811
 0.1080906212506097
-0.1415173428069485
-0.3057744015921999
-0.3362491008602895
-0.2398787939131815
-0.06896271862562194
 0.1040510787964694
 0.2157293698058667
 1
 0.8499999999999999
 0.5999999999999999
 0.30175
 0.005975000000000179
-0.2448212499999996
-0.4212449999999995
-0.5092425437499994
-0.5097602993749994
-0.4362825594687495
-0.3109328981249996
-0.1599271640614061
-0.009137879988765887
 0.1196040576509862
 0.2110484065971838
 0.2577168625001289
 0.259782762675599
 0.2238599477359093
 0.1610454766901647
 0.0846156545364366
 1
 0.1499999999999999
-1.079999999999999
-0.4927499999999991
 1.067174999999999
 0.8744962499999985
-0.9382229999999991
-1.265275181249998
 0.6759183206249991
 1.626210075093745
-0.2725450881749996
-1.911249860932962
-0.2667617340830113
 2.070127573324679
 0.9211452228407954
-2.052549953138023
-1.652053361637297
 1.813502688789087
 2.402610838478682
-1.319407273344112
 1
 0.85
 0.52
 0.09775000000000031
-0.3148249999999994
-0.6256212499999992
-0.772342999999999
-0.7342834437499992
-0.5338645793749996
-0.2283575994687502
 0.1056168168249993
 0.3907793681110925
 0.5666293702257327
 0.6017990138809853
 0.4989261561388724
 0.2915103775961715
 0.03406094748503486
-0.211743488551899
-0.3914703069618861
-0.4696367949246993
 1
 1.05
 1.1
 1.149749999999999
 1.198974999999999
 1.247373749999999
 1.294617499999998
 1.340348756249998
 1.384180050624998
 1.425692730656248
 1.464435778437498
 1.499924667343591
 1.531640266248107
 1.559027801706356
 1.581495889379189
 1.598415646810774
 1.609119900538622
 1.612902501405201
 1.609017762855745
 1.596680037944317
 1
 1.05
 1.04
 0.9607499999999997
 0.8059749999999998
 0.5732737500000001
 0.2649140000000003
-0.111544518749999
-0.5428682993749986
-1.010074064343748
-1.488713966349997
-1.949563044374527
-2.359730622388761
-2.684193360320074
-2.887719881589249
-2.937126486564536
-2.803771959734052
-2.466168758593824
-1.912560059956859
-1.143289522147603
 1
 0.6499999999999999
 5.174132726397566e-17
-0.5492499999999997
-0.7140249999999995
-0.4641162499999997
-1.108338035989806e-16
 0.3921782312499995
 0.5098317006249994
 0.3313906054062496
 1.318968443579368e-16
-0.2800250615682804
-0.3640325800387649
-0.2366211770251971
-1.31848702009746e-16
 0.1999448945862913
 0.259928362962179
 0.1689534359254162
 1.210413464389399e-16
-0.1427656533569765
 1
 0.6499999999999999
 0.12
-0.3152499999999997
-0.4968249999999995
-0.4173162499999996
-0.1823129999999999
 0.06554738124999981
 0.2173885206249996
 0.2350832254062496
 0.1480015155749998
 0.02196663182796879
-0.07874447741551538
-0.1182936287154473
-0.09669197120383288
-0.03993668174628345
 0.01818399285261033
 0.05259328497444892
 0.0551878756486411
 0.03361410673675796
 1
 0.5499999999999998
-0.2600000000000002
-0.7617499999999998
-0.6130249999999993
-0.01541374999999936
 0.5133114999999998
 0.5779755437499992
 0.1917586506249991
-0.2890143296562501
-0.4837869954124993
-0.2821682998010924
 0.1080906212506098
 0.362975262703616
 0.3057744015921997
 0.02237823951279217
-0.2398787939131816
-0.2832238504830647
-0.1040510787964692
 0.1305324439917353
 1
 0.95
 0.8799999999999999
 0.7932499999999999
 0.693175
 0.5832762500000002
 0.4670380000000001
 0.3478416687500002
 0.2288890206250003
 0.1131355955937505
 0.003235287550000611
-0.09850337957921813
-0.1901490621842649
-0.2701675920393267
-0.3374305423542754
-0.3912130078367462
-0.431181463212113
-0.4573727478540245
-0.4701653674514421
-0.4702444063927672
 1
-0.2499999999999999
-0.6599999999999998
 0.5262499999999996
 0.254975
-0.5405937499999995
 0.07014149999999957
 0.3892953437499995
-0.2497087493749995
-0.1807424701562501
 0.2863926033374996
-0.001313462596093539
-0.2241614623218903
 0.1131117992988783
 0.1194108482732443
-0.1484981865862419
-0.01948842260137601
 0.1263152877708879
-0.04785923214336361
-0.07522788482846496
 1
-0.9499999999999998
 0.78
-0.5082500000000001
 0.1661750000000005
 0.2052237499999991
-0.5602544999999989
 0.8541292062499986
-1.048584629374999
 1.116828359406249
-1.047174637762499
 0.8448827433573437
-0.5319232086723911
 0.1446492845362664
 0.2703876482702947
-0.6620020483632327
 0.9806565524130902
-1.184695350012558
 1.245748198800443
-1.15260884395797
 1
-0.95
 0.8999999999999998
-0.8502499999999998
 0.8009749999999998
-0.7523762499999999
 0.7046324999999998
-0.6579012437499999
 0.6123199506249999
-0.5680072805937501
 0.5250642778125001
-0.4835755389064063
 0.4436103525018597
-0.4052238070432355
 0.3684578643679645
-0.3333423969250044
 0.2998961869045005
-0.268127885901422
 0.2380369340641288
-0.2096144379810578
 1
-0.8499999999999999
 0.6999999999999998
-0.5567499999999999
 0.4249749999999998
-0.3076787499999999
 0.2064474999999999
-0.12174008125
 0.05315475062500008
 0.0003332844687498446
-0.04016687281249979
 0.06803538685203099
-0.08573583740314038
 0.09506456038057549
-0.09773655378163877
 0.09532904394525715
-0.0892456421396163
 0.08069745389813113
-0.07069766823280876
 0.06006643284166721
 1
-1.05
 0.9799999999999995
-0.7717499999999998
 0.420175
 0.06302624999999941
-0.6470694999999985
 1.281638793749998
-1.898781329374996
 2.417433269343745
-2.750602737137494
 2.814909993042651
-2.541822632396136
 1.889562786554639
-0.854349127079476
-0.5205812466625329
 2.139798298663677
-3.855864400032117
 5.476062324204442
-6.776296990789985
 1
-0.25
-0.8400000000000001
 0.6612499999999999
 0.4799750000000002
-0.8780937499999997
-0.0241290000000003
 0.8594249687499996
-0.4064279993749995
-0.6261310951562504
 0.7052685669749991
 0.2515822233382813
-0.8063752788000152
 0.1604107938785667
 0.6979467471027314
-0.503769789644182
-0.4216337161320454
 0.6969547050726578
 0.05839918353109545
-0.7017608821606623
 1
-0.4499999999999998
-0.52
 0.8842499999999993
-0.3148249999999993
-0.5345887499999998
 0.7723429999999989
-0.2006141062499988
-0.5338645793749998
 0.6660461697187485
-0.1056168168249991
-0.5210375718473435
 0.5666293702257325
-0.02800667924436684
-0.4989261561388726
 0.4749397188260239
 0.03406094748503528
-0.4699740926506038
 0.3914703069618853
 0.0824027594361116
 1
-0.8499999999999998
 0.7199999999999999
-0.6077499999999998
 0.5111749999999997
-0.4283787499999997
 0.3576419999999997
-0.2974168062499998
 0.2463181206249998
-0.2031136205312498
 0.1667125174499999
-0.1361539047798437
 0.1105950629744843
-0.0893000260912367
 0.07162862369860126
-0.05702614137147554
 0.0450136881500225
-0.03517931736071848
 0.02716991560445511
-0.02068385144105281
 1
-0.9500000000000001
 0.8400000000000001
-0.6792500000000001
 0.4799750000000004
-0.2564762500000005
 0.02412900000000063
 0.2016544812499992
-0.4064279993749991
 0.5776166244062492
-0.7052685669749992
 0.7826102347004681
-0.8063752788000151
 0.7768941532340772
-0.6979467471027321
 0.5763959616243065
-0.4216337161320459
 0.2448819576834318
-0.05839918353109561
-0.12535264045543
 1
-0.7499999999999999
 0.1399999999999999
 0.5287499999999999
-0.9310249999999998
 0.8757187499999997
-0.3965184999999997
-0.2678052187500001
 0.7922785506249997
-0.9246296854687494
 0.6065501558374993
 0.0009350064304690679
-0.5988544131456404
 0.8973606383844482
-0.7561693606282167
 0.2503538121336428
 0.3692961020183281
-0.8005426579791306
 0.8370573264806432
-0.4670514716115201
 1
-0.04999999999999973
-0.7199999999999999
 0.1082499999999991
 0.5111749999999997
-0.1295987499999994
-0.357642
 0.1297232937499991
 0.2463181206249999
-0.1186812000312493
-0.1667125174499999
 0.1027151217676558
 0.1105950629744846
-0.08552796957899853
-0.07162862369860144
 0.06917064031463406
 0.0450136881500226
-0.05465008304311195
-0.02716991560445517
 0.04233830176670167
 1
-0.5499999999999998
-0.1200000000000001
 0.5307499999999998
-0.4968249999999995
 0.1617137499999995
 0.1823130000000001
-0.3177867687499996
 0.2173885206249995
-0.008731965343749804
-0.1480015155749999
 0.1691323420067183
-0.07874447741551525
-0.036002022797804
 0.09669197120383291
-0.0802597017958083
 0.01818399285261027
 0.03818589166408969
-0.0551878756486411
 0.03302189175704012
 1
-0.04999999999999986
-0.8999999999999998
 0.1352499999999996
 0.8009749999999998
-0.2024987499999993
-0.7046324999999998
 0.2537246187499997
 0.6123199506249999
-0.2908527750312485
-0.5250642778125
 0.3157281891845305
 0.4436103525018594
-0.3300950464621852
-0.3684578643679637
 0.3355818034850744
 0.2998961869045003
-0.3336911508444418
-0.2380369340641292
 0.3257941849206329
 1
-0.1499999999999999
-0.8799999999999999
 0.4027499999999998
 0.693175
-0.5804962499999996
-0.4670380000000001
 0.6770704312499998
 0.2288890206250003
-0.6949568550937494
-0.003235287550000497
 0.6438056772267182
-0.190149062184265
-0.5384755327794353
 0.3374305423542763
 0.3968607051146943
-0.431181463212113
-0.2377417132674591
 0.4701653674514418
 0.07886147453696626
 1
-0.5499999999999996
-0.6000000000000002
 1.322749999999999
-0.7320249999999984
-0.7886862500000013
 1.749644999999998
-0.9742425687499968
-1.036655399375001
 2.314283234656246
-1.296541801874991
-1.362515315698283
 3.061099718527477
-1.72537873496379
-1.790708552365436
 4.048860783233349
-2.295943055956328
-2.353339882244225
 5.355285252896019
-3.055039220081322
 1
-0.5499999999999998
-0.4199999999999997
 1.025749999999999
-0.6978249999999989
-0.2837862499999997
 1.027435499999998
-0.8392981437499976
-0.1298934293749998
 1.003163369656247
-0.9703389415124963
 0.03913038176609353
 0.9515539951076052
-1.086818035928612
 0.2201569945361763
 0.8718157928370313
-1.184658291520315
 0.4095129330143883
 0.7638105224924945
-1.259942331081492
 1
-0.85
 0.1599999999999999
 0.8202500000000005
-1.600025
 1.66602125
-0.7762039999999985
-0.8212905062500009
 2.393616000625
-3.013788900531249
 2.0476445701
 0.3917229680126587
-3.297152318200019
 5.101794927043762
-4.436210647087372
 0.9857516187973061
 4.024752929551862
-8.108770810392699
 8.613102863193445
-4.222504376074234
 1
-0.6499999999999999
-0.2999999999999999
 1.134249999999999
-1.131024999999999
 0.1716162499999997
 1.071922499999998
-1.589999856249997
 0.8396485506249985
 0.7290067195937477
-1.909106325937496
 1.647125529783901
 0.0446635544793581
-1.944021352425734
 2.476087988274587
-0.9930099362295001
-1.544207829476053
 3.144466555301644
-2.319688557142058
-0.5848190815357079
 1
-1.05
 1.079999999999999
-1.086749999999999
 1.067174999999999
-1.018473749999999
 0.9382229999999987
-0.8244853312499989
 0.6759183206249992
-0.4918824756562498
 0.2725450881750007
-0.01897690005422006
-0.266761734083013
 0.5815486541353247
-0.9211452228407925
 1.280162732063423
-1.652053361637297
 2.029128985866973
-2.402610838478684
 2.762712651704891
 1
-0.8499999999999998
 0.2999999999999998
 0.4632499999999998
-1.131024999999999
 1.392321249999998
-1.071922499999998
 0.2280604187499993
 0.8396485506249991
-1.688531715531247
 1.909106325937495
-1.312111939810465
 0.04466355447935775
 1.426440128468073
-2.476087988274588
 2.576075632970855
-1.544207829476051
-0.3244532896423395
 2.319688557142059
-3.571971530501017
 1
-0.7499999999999998
 6.888638245203858e-17
 0.8437499999999992
-1.265624999999998
 0.9492187499999988
-2.615529833725836e-16
-1.067871093749998
 1.601806640624996
-1.201354980468747
 5.51713324301543e-16
 1.351524353027338
-2.027286529541009
 1.520464897155755
-9.775670464967953e-16
-1.710523009300222
 2.565784513950335
-1.92433838546275
 1.590728519857507e-15
 2.16488068364559
 1
-0.15
-0.6999999999999997
 0.3217499999999999
 0.4249749999999998
-0.3671962499999996
-0.2064474999999997
 0.3354954562499995
 0.053154750625
-0.2658905400937496
 0.04016687281249978
 0.1860383905260934
-0.08573583740314056
-0.1128778497209973
 0.0977365537816387
 0.05477303190765151
-0.08924564213961633
-0.01403221612931537
 0.07069766823280876
-0.01075529945350254
 1
-0.4499999999999998
-0.3599999999999999
 0.6682499999999996
-0.3260249999999996
-0.2177887499999999
 0.4454189999999993
-0.2342687062499995
-0.1299036993749999
 0.2961288897187494
-0.1671396707249996
-0.07611289698234365
 0.1963634553887338
-0.1185007436583675
-0.04356737407985057
 0.1298637055705166
-0.08354829384237926
-0.02415227030330369
 0.08565148806239357
-0.05860985247412665
 1
-0.7499999999999999
-0.16
 1.20375
-1.600025
 0.8532187500000002
 0.7762039999999996
-2.260692093749999
 2.393616000624999
-0.6854346604687492
-2.047644570099998
 3.952250393852343
-3.297152318200016
-0.1329132788002419
 4.436210647087375
-6.483522407372756
 4.024752929551857
 2.294196899146201
-8.613102863193447
 9.971611279387288
 1
-0.65
-0.1399999999999998
 0.8222499999999997
-0.9310249999999999
 0.4004162500000003
 0.3965184999999993
-0.9098840562499994
 0.792278550625
-0.1337263204062507
-0.6065501558374989
 0.9202356281889055
-0.5988544131456408
-0.1279213566767378
 0.7561693606282164
-0.8570176324900936
 0.3692961020183289
 0.3640774353789138
-0.8370573264806429
 0.7295582505766046
 1
-0.4499999999999999
-0.8999999999999995
 1.397249999999999
-0.08302500000000002
-1.748688749999997
 1.682167499999997
 0.7680880687499962
-2.886507849374994
 1.595502134718744
 2.330940822187493
-4.179977025776708
 0.7201015502443578
 4.806778623418681
-5.265833284145702
-1.53359614783024
 8.25214896885735
-5.425591099053136
-5.886022415211024
 12.37781655795426
 1
-0.4499999999999998
-0.7000000000000003
 1.12725
-0.2410249999999991
-1.028688750000001
 1.192152499999999
 0.0637638187500018
-1.374715949375
 1.166785334718747
 0.4689543228125027
-1.711356685395468
 1.022026490148106
 0.9712252962286995
-2.003442038219484
 0.7298938820648257
 1.556898958374189
-2.207741802218399
 0.2665942729930761
 2.199619845757558
 1
-0.3499999999999999
-0.9799999999999995
 1.114749999999999
 0.4201749999999997
-1.659691249999999
 0.6470694999999992
 1.580173131249998
-1.898781329374997
-0.6065651552187489
 2.750602737137494
-1.182379600853279
-2.541822632396134
 3.22769085372256
 0.8543491270794724
-4.551965684765764
 2.139798298663681
 4.078299154773482
-5.476062324204445
-1.162672837654403
 1
-0.3499999999999999
-0.5999999999999999
 0.7157499999999998
 0.005975000000000004
-0.6089912499999995
 0.4212449999999998
 0.2197261062499997
-0.5097602993749994
 0.1711636497812496
 0.3109328981249996
-0.3622863127526555
-0.009137879988765297
 0.3125284502681298
-0.211048406597184
-0.1163526558585409
 0.259782762675599
-0.08352993967245215
-0.1610454766901646
 0.1833146327063372
 1
-0.3499999999999999
-0.78
 0.9047499999999994
 0.1661750000000005
-1.04369125
 0.5602544999999989
 0.6776053812500001
-1.048584629374999
 0.03946372478124865
 1.047174637762499
-0.7734725643345289
-0.5319232086723913
 1.165155624513566
-0.2703876482702946
-1.0050131613372
 0.9806565524130902
 0.343678903681463
-1.245748198800443
 0.5197528628868059
 1
-0.7499999999999999
 0.2600000000000001
 0.2587499999999996
-0.6130249999999994
 0.6957187499999995
-0.5133114999999998
 0.1681705312500004
 0.1917586506249993
-0.4331054854687492
 0.4837869954124993
-0.3510442481882811
 0.1080906212506097
 0.1415173428069485
-0.3057744015921999
 0.3362491008602895
-0.2398787939131815
 0.06896271862562194
 0.1040510787964694
-0.2157293698058667
 1
-0.8499999999999999
 0.5999999999999999
-0.30175
 0.005975000000000179
 0.2448212499999996
-0.4212449999999995
 0.5092425437499994
-0.5097602993749994
 0.4362825594687495
-0.3109328981249996
 0.1599271640614061
-0.009137879988765887
-0.1196040576509862
 0.2110484065971838
-0.2577168625001289
 0.259782762675599
-0.2238599477359093
 0.1610454766901647
-0.0846156545364366
 1
-0.1499999999999999
-1.079999999999999
 0.4927499999999991
 1.067174999999999
-0.8744962499999985
-0.9382229999999991
 1.265275181249998
 0.6759183206249991
-1.626210075093745
-0.2725450881749996
 1.911249860932962
-0.2667617340830113
-2.070127573324679
 0.9211452228407954
 2.052549953138023
-1.652053361637297
-1.813502688789087
 2.402610838478682
 1.319407273344112
 1
-0.85
 0.52
-0.09775000000000031
-0.3148249999999994
 0.6256212499999992
-0.772342999999999
 0.7342834437499992
-0.5338645793749996
 0.2283575994687502
 0.1056168168249993
-0.3907793681110925
 0.5666293702257327
-0.6017990138809853
 0.4989261561388724
-0.2915103775961715
 0.03406094748503486
 0.211743488551899
-0.3914703069618861
 0.4696367949246993
 1
-1.05
 1.1
-1.149749999999999
 1.198974999999999
-1.247373749999999
 1.294617499999998
-1.340348756249998
 1.384180050624998
-1.425692730656248
 1.464435778437498
-1.499924667343591
 1.531640266248107
-1.559027801706356
 1.581495889379189
-1.598415646810774
 1.609119900538622
-1.612902501405201
 1.609017762855745
-1.596680037944317
 1
-1.05
 1.04
-0.9607499999999997
 0.8059749999999998
-0.5732737500000001
 0.2649140000000003
 0.111544518749999
-0.5428682993749986
 1.010074064343748
-1.488713966349997
 1.949563044374527
-2.359730622388761
 2.684193360320074
-2.887719881589249
 2.937126486564536
-2.803771959734052
 2.466168758593824
-1.912560059956859
 1.143289522147603
 1
-0.6499999999999999
 5.174132726397566e-17
 0.5492499999999997
-0.7140249999999995
 0.4641162499999997
-1.108338035989806e-16
-0.3921782312499995
 0.5098317006249994
-0.3313906054062496
 1.318968443579368e-16
 0.2800250615682804
-0.3640325800387649
 0.2366211770251971
-1.31848702009746e-16
-0.1999448945862913
 0.259928362962179
-0.1689534359254162
 1.210413464389399e-16
 0.1427656533569765
 1
-0.6499999999999999
 0.12
 0.3152499999999997
-0.4968249999999995
 0.4173162499999996
-0.1823129999999999
-0.06554738124999981
 0.2173885206249996
-0.2350832254062496
 0.1480015155749998
-0.02196663182796879
-0.07874447741551538
 0.1182936287154473
-0.09669197120383288
 0.03993668174628345
 0.01818399285261033
-0.05259328497444892
 0.0551878756486411
-0.03361410673675796
 1
-0.5499999999999998
-0.2600000000000002
 0.7617499999999998
-0.6130249999999993
 0.01541374999999936
 0.5133114999999998
-0.5779755437499992
 0.1917586506249991
 0.2890143296562501
-0.4837869954124993
 0.2821682998010924
 0.1080906212506098
-0.362975262703616
 0.3057744015921997
-0.02237823951279217
-0.2398787939131816
 0.2832238504830647
-0.1040510787964692
-0.1305324439917353
 1
-0.95
 0.8799999999999999
-0.7932499999999999
 0.693175
-0.5832762500000002
 0.4670380000000001
-0.3478416687500002
 0.2288890206250003
-0.1131355955937505
 0.003235287550000611
 0.09850337957921813
-0.1901490621842649
 0.2701675920393267
-0.3374305423542754
 0.3912130078367462
-0.431181463212113
 0.4573727478540245
-0.4701653674514421
 0.4702444063927672
 0
 0.8499999999999999
 0.4249999999999998
-0.4547499999999999
-0.5609999999999996
 0.07647874999999996
 0.4786243749999996
 0.1792763687499999
-0.2860819499999998
-0.2837729244687494
 0.08268786851562489
 0.2641056799657808
 0.06714286319812454
-0.1737515271740757
-0.1395829111975658
 0.06660349323286632
 0.1428743319065222
 0.01915342376546085
-0.1025796386638895
-0.06632525698783165
 0
 0.3499999999999999
 0.6649999999999996
 0.9047499999999994
 1.037399999999999
 1.04369125
 0.9196783749999997
 0.6776053812500001
 0.3447798900000008
-0.03946372478124853
-0.4283804643343729
-0.7734725643345287
-1.030507896292872
-1.165155624513566
-1.15752509287558
-1.005013161337198
-0.7230617863432069
-0.3436789036814653
 0.08814841400700303
 0.5197528628868077
 0
 0.04999999999999982
 0.09499999999999965
 0.1352499999999995
 0.1709999999999993
 0.2024987499999992
 0.2299926249999991
 0.253724618749999
 0.2739334499999989
 0.2908527750312488
 0.3047105003093737
 0.3157281891845299
 0.3241205566706237
 0.3300950464621853
 0.3338514844912378
 0.335581803485074
 0.3354698331570705
 0.3336911508444418
 0.3304129875972908
 0.3257941849206326
 0
 0.1499999999999999
 0.2549999999999998
 0.3217499999999998
 0.3569999999999997
 0.3671962499999996
 0.3582686249999996
 0.3354954562499996
 0.3034321499999996
 0.2658905400937496
 0.2259569664093747
 0.1860383905260935
 0.1479273239193748
 0.1128778497209975
 0.08168648820576153
 0.05477303190765151
 0.03225772052971519
 0.01403221612931545
-0.0001772343748015092
-0.0107552994535026
 0
 0.3499999999999999
 0.7349999999999995
 1.114749999999999
 1.440599999999999
 1.659691249999999
 1.720616624999998
 1.580173131249998
 1.210608209999999
 0.6065651552187503
-0.2092082312906228
-1.182379600853277
-2.226717078460868
-3.227690853722558
-4.050422371702809
-4.551965684765765
-4.597360532672166
-4.078299154773486
-2.93266157250092
-1.162672837654411
 0
 0.95
 0.4749999999999999
-0.67925
-0.7979999999999997
 0.2564762500000006
 0.8983081249999997
 0.20165448125
-0.7660400999999999
-0.5776166244062492
 0.4504203842968759
 0.7826102347004684
-0.04335055349625053
-0.7768941532340767
-0.3466137924931573
 0.5763959616243058
 0.6226802905680491
-0.2448819576834311
-0.7233274592398826
-0.1253526404554296
 0
 0.85
 0.7649999999999997
-0.09775000000000054
-0.7955999999999996
-0.6256212499999991
 0.1728708750000008
 0.7342834437499993
 0.5009495399999986
-0.228357599468751
-0.6689001640218739
-0.3907793681110919
 0.267031220420251
 0.6017990138809853
 0.2946152336041548
-0.2915103775961724
-0.5348784309203979
-0.2117434885518995
 0.3041934089046593
 0.4696367949246992
 0
 0.04999999999999982
 0.08499999999999969
 0.1082499999999996
 0.1223999999999995
 0.1295987499999995
 0.1315778749999994
 0.1297232937499994
 0.1251356399999994
 0.1186812000312494
 0.1110347010531244
 0.1027151217676557
 0.09411554874149952
 0.08552796957899877
 0.07716377544671076
 0.06917064031463419
 0.0616463513360128
 0.054650083043112
 0.0482115364546811
 0.04233830176670168
 0
 0.2499999999999999
 0.4749999999999998
 0.6612499999999998
 0.7979999999999996
 0.8780937499999997
 0.8983081249999997
 0.8594249687499999
 0.7660401000000001
 0.6261310951562504
 0.4504203842968757
 0.2515822233382822
 0.04335055349625113
-0.1604107938785651
-0.3466137924931561
-0.5037697896441812
-0.6226802905680487
-0.6969547050726574
-0.7233274592398826
-0.7017608821606622
 0
 0.6499999999999999
 0.9749999999999999
 0.8222499999999997
 0.2729999999999998
-0.40041625
-0.8695293749999997
-0.9098840562499995
-0.5083396499999996
 0.1337263204062502
 0.7013040358593747
 0.9202356281889055
 0.6895689669618742
 0.1279213566767401
-0.4873433974423368
-0.8570176324900938
-0.8054932022544383
-0.3640774353789161
 0.2472946511522486
 0.7295582505766048
 0
 0.8499999999999998
 0.08499999999999953
-0.6077499999999998
-0.1223999999999993
 0.4283787499999998
 0.1315778749999989
-0.2974168062499999
-0.1251356399999992
 0.2031136205312499
 0.1110347010531244
-0.1361539047798437
-0.09411554874149917
 0.08930002609123694
 0.07716377544671059
-0.05702614137147568
-0.06164635133601273
 0.03517931736071856
 0.04821153645468108
-0.02068385144105283
 0
 0.6499999999999999
 0.7149999999999997
 0.3152499999999996
-0.1716000000000001
-0.4173162499999997
-0.3346378749999995
-0.06554738124999966
 0.1705103399999999
 0.2350832254062496
 0.1349715514468745
-0.02196663182796898
-0.1220176698097498
-0.1182936287154473
-0.0416601809749234
 0.03993668174628352
 0.07413398112773131
 0.05259328497444889
 0.004105477154288589
-0.03361410673675804
 0
 0.95
 0.09499999999999971
-0.8502499999999998
-0.1709999999999995
 0.7523762499999997
 0.2299926249999992
-0.6579012437499996
-0.273933449999999
 0.5680072805937502
 0.3047105003093739
-0.4835755389064059
-0.3241205566706238
 0.4052238070432356
 0.3338514844912386
-0.3333423969250039
-0.3354698331570706
 0.2681278859014221
 0.3304129875972905
-0.2096144379810574
 0
 0.95
 0.2849999999999998
-0.7932499999999999
-0.5015999999999997
 0.5832762500000002
 0.6389628749999995
-0.3478416687499996
-0.6953931599999995
 0.113135595593751
 0.6771793516781246
 0.09850337957921872
-0.5968398864284997
-0.2701675920393261
 0.4710266173345636
 0.3912130078367466
-0.318335718683448
-0.4573727478540244
 0.1572487154259829
 0.4702444063927673
 0
 0.95
 1.044999999999999
 0.004749999999999133
-1.254
-1.385123749999997
-0.0125661249999977
 1.655251381249998
 1.835918699999995
 0.02493265559374439
-2.184856112346874
-2.433385573572023
-0.04397251555124189
 2.88385984904792
 3.225232715191957
 0.07270486860840984
-3.806430066337056
-4.27468243964389
-0.1154024536721218
 5.024049640731552
 0
 0.8499999999999998
 0.9349999999999994
 0.1572499999999999
-0.785399999999999
-1.025121249999998
-0.3225983749999994
 0.6958910687499985
 1.096143509999997
 0.4924695155312477
-0.5818306306656235
-1.144794947151714
-0.6628980454346225
 0.4442269708524216
 1.168120164508152
 0.8295995358352332
-0.2847636792020979
-1.163579571353422
-0.9880547573066119
 0.1058088275999833
 0
 0.75
 1.275
 1.20375
 0.4079999999999997
-0.8532187499999997
-1.974751875
-2.260692093749999
-1.305620399999999
 0.6854346604687501
 2.842961136796874
 3.952250393852342
 3.065620608764995
 0.1329132788002369
-3.713369908302623
-6.483522407372757
-6.25030776036482
-2.294196899146195
 4.131510743520249
 9.971611279387298
 0
 0.8499999999999999
 1.105
 0.4632499999999998
-0.6629999999999993
-1.392321249999998
-1.050882624999999
 0.2280604187500001
 1.499739149999997
 1.688531715531247
 0.4778899034406236
-1.312111939810467
-2.252929461193119
-1.426440128468071
 0.7252320660576287
 2.576075632970856
 2.518507607226129
 0.3244532896423372
-2.461901933738875
-3.571971530501017
 0
 0.1499999999999999
 0.3149999999999997
 0.4927499999999994
 0.6803999999999989
 0.8744962499999983
 1.070992124999998
 1.265275181249997
 1.452211739999996
 1.626210075093745
 1.78130295019687
 1.911249860932962
 2.009658888987743
 2.070127573324678
 2.086401653870612
 2.052549953138024
 1.963153040985411
 1.813502688789086
 1.599808475348494
 1.319407273344116
 0
 0.6499999999999999
 1.105
 1.134249999999999
 0.6629999999999991
-0.1716162500000005
-1.050882624999999
-1.589999856249997
-1.499739149999997
-0.7290067195937473
 0.4778899034406258
 1.647125529783902
 2.252929461193119
 1.944021352425732
 0.7252320660576265
-0.9930099362295022
-2.518507607226131
-3.144466555301644
-2.461901933738873
-0.5848190815357058
 0
 0.7499999999999997
 1.124999999999999
 0.8437499999999993
 1.549943605170867e-16
-0.9492187499999984
-1.423828124999997
-1.067871093749998
-3.923294750588753e-16
 1.201354980468746
 1.80203247070312
 1.351524353027341
 7.448129878070826e-16
-1.520464897155757
-2.280697345733633
-1.710523009300227
-1.25687191692445e-15
 1.924338385462752
 2.886507578194126
 2.164880683645597
 0
 0.8499999999999999
 0.2549999999999999
-0.5567499999999997
-0.3569999999999997
 0.3076787499999999
 0.3582686249999997
-0.1217400812500002
-0.3034321499999996
-0.0003332844687501092
 0.2259569664093747
 0.06803538685203112
-0.1479273239193747
-0.09506456038057572
 0.08168648820576162
 0.09532904394525715
-0.03225772052971515
-0.08069745389813113
-0.0001772343748016499
 0.06006643284166722
 0
 0.7499999999999999
 0.6749999999999997
 0.03374999999999989
-0.4859999999999996
-0.4632187499999995
-0.04510687499999982
 0.3137661562499995
 0.3168962999999994
 0.04517556046874979
-0.2017676650781246
-0.2161502023289057
-0.04018291831124979
 0.129190278301488
 0.1470111829794452
 0.0334795017808624
-0.08233200337649937
-0.09971062190120919
-0.02675557712806621
 0.05219860633916549
 0
 0.85
 1.275
 0.8202500000000001
-0.408
-1.66602125
-1.974751875
-0.8212905062499999
 1.3056204
 3.013788900531249
 2.842961136796875
 0.3917229680126543
-3.065620608764998
-5.101794927043762
-3.713369908302619
 0.9857516187973118
 6.250307760364823
 8.108770810392697
 4.131510743520244
-4.222504376074258
 0
 0.7499999999999999
 0.975
 0.5287500000000002
-0.2729999999999996
-0.8757187499999994
-0.8695293749999998
-0.2678052187500005
 0.5083396499999991
 0.9246296854687494
 0.701304035859375
 0.0009350064304688703
-0.6895689669618738
-0.8973606383844486
-0.4873433974423376
 0.2503538121336435
 0.8054932022544379
 0.8005426579791316
 0.2472946511522495
-0.4670514716115205
 0
 1.05
 0.9449999999999995
-0.5197499999999995
-1.700999999999998
-0.852626249999999
 1.452441374999998
 2.419874493749997
 0.2824510499999998
-2.903730269343745
-2.981955862659368
 1.105607725100149
 4.886499353360609
 2.955031336768845
-3.717353453043619
-7.201934002222612
-1.630594345778416
 7.930988961699932
 9.265815686770754
-2.010706476924703
 0
 0.9500000000000001
 0.8549999999999998
-0.2802500000000006
-1.197
-0.7676237499999988
 0.6318236250000011
 1.416865506249999
 0.5770138499999978
-1.046323919406253
-1.579291831715623
-0.2651747176001542
 1.506460228205626
 1.648832268333231
-0.180689510667309
-1.984580216108798
-1.586460285210542
 0.7651468821107376
 2.441670809057311
 1.352016423419218
 0
 1.05
 0.7349999999999997
-0.7717499999999997
-1.440599999999999
-0.06302624999999992
 1.720616624999998
 1.281638793749998
-1.210608209999998
-2.417433269343745
-0.2092082312906245
 2.81490999304265
 2.22671707846087
-1.889562786554636
-4.050422371702809
-0.5205812466625371
 4.597360532672163
 3.855864400032122
-2.932661572500914
-6.776296990789986
 0
 0.8499999999999999
 0.5949999999999999
-0.3017499999999997
-0.7139999999999995
-0.2448212499999996
 0.4319551249999994
 0.5092425437499994
-0.008532300000000001
-0.4362825594687494
-0.2981879981281244
 0.1599271640614062
 0.3639178732612493
 0.1196040576509867
-0.223787762550065
-0.2577168625001291
 0.008698855604714615
 0.2238599477359092
 0.1493514304291525
-0.08461565453643655
 0
 0.9499999999999998
 0.6649999999999996
-0.5082500000000002
-1.037399999999999
-0.2052237499999992
 0.9196783749999998
 0.8541292062499986
-0.3447798900000008
-1.116828359406249
-0.4283804643343731
 0.8448827433573436
 1.030507896292872
-0.1446492845362665
-1.15752509287558
-0.6620020483632311
 0.7230617863432069
 1.184695350012559
 0.0881484140070033
-1.15260884395797
 0
 0.5499999999999998
 0.8249999999999997
 0.7617499999999998
 0.4289999999999999
-0.01541374999999976
-0.3942056249999993
-0.5779755437499993
-0.5259754499999996
-0.28901432965625
 0.02144726976562466
 0.2821682998010928
 0.4047005613543741
 0.3629752627036159
 0.1943969084838904
-0.02237823951279247
-0.2017206851077534
-0.2832238504830648
-0.2503473831063905
-0.1305324439917348
 0
 0.3499999999999999
 0.5949999999999998
 0.7157499999999997
 0.7139999999999995
 0.6089912499999995
 0.4319551249999998
 0.2197261062499999
 0.008532300000000251
-0.1711636497812494
-0.2981879981281243
-0.3622863127526555
-0.3639178732612493
-0.31252845026813
-0.2237877625500651
-0.1163526558585411
-0.00869885560471487
 0.08352993967245192
 0.1493514304291523
 0.1833146327063371
 0
 1.05
 0.3149999999999997
-1.086749999999999
-0.6803999999999989
 1.018473749999999
 1.070992124999997
-0.8244853312499981
-1.452211739999996
 0.4918824756562507
 1.78130295019687
-0.01897690005422047
-2.009658888987743
-0.5815486541353218
 2.086401653870611
 1.280162732063425
-1.96315304098541
-2.029128985866972
 1.599808475348497
 2.762712651704894
 0
 0.4499999999999998
 0.7649999999999997
 0.8842499999999994
 0.7955999999999996
 0.5345887499999997
 0.1728708750000005
-0.2006141062499991
-0.5009495399999988
-0.6660461697187487
-0.6689001640218738
-0.521037571847343
-0.2670312204202503
 0.0280066792443669
 0.2946152336041552
 0.4749397188260244
 0.5348784309203979
 0.469974092650604
 0.3041934089046584
 0.08240275943611132
 0
 0.04999999999999982
 0.1049999999999996
 0.1652499999999993
 0.230999999999999
 0.3024987499999986
 0.3799923749999982
 0.4637228687499977
 0.5539264499999971
 0.6508317750312465
 0.7546580003156207
 0.8656126892532763
 0.9838895570831191
 1.10966604824968
 1.243100740747481
 1.384330572253814
 1.533467883207043
 1.690597272394325
 1.855772261084301
 2.029011762281302
 0
 0.2499999999999999
 0.5249999999999998
 0.8112499999999996
 1.091999999999999
 1.348093749999999
 1.558816874999999
 1.702986218749999
 1.760249399999999
 1.712544795156248
 1.545653518828124
 1.250757703182031
 0.8259048272475001
 0.2772674130126854
-0.3799175564166983
-1.120843404634846
-1.911167196507722
-2.70766854626662
-3.459594163228407
-4.110713886379041
 0
 0.6499999999999998
 0.8449999999999998
 0.5492499999999998
 8.744284307611882e-17
-0.4641162499999996
-0.6033511249999994
-0.3921782312499997
-1.248727520548514e-16
 0.3313906054062494
 0.4308077870281243
 0.2800250615682811
 1.337434001789478e-16
-0.2366211770251973
-0.3076075301327563
-0.1999448945862918
-1.273281750836976e-16
 0.1689534359254164
 0.2196394667030411
 0.1427656533569769
 0
 0.5499999999999999
 0.7149999999999997
 0.5307499999999997
 0.1715999999999999
-0.1617137499999997
-0.3346378749999995
-0.3177867687499996
-0.1705103399999998
 0.008731965343749882
 0.1349715514468747
 0.1691323420067184
 0.1220176698097497
 0.03600202279780389
-0.04166018097492349
-0.08025970179580834
-0.0741339811277313
-0.03818589166408965
 0.004105477154288627
 0.0330218917570402
 0
 0.7499999999999999
 0.8249999999999997
 0.2587499999999996
-0.429
-0.6957187499999995
-0.3942056249999993
 0.1681705312500007
 0.5259754499999996
 0.4331054854687491
 0.0214472697656241
-0.3510442481882814
-0.4047005613543741
-0.1415173428069482
 0.1943969084838907
 0.3362491008602896
 0.2017206851077532
-0.06896271862562214
-0.2503473831063905
-0.2157293698058664
 0
 0.1499999999999999
 0.2849999999999998
 0.4027499999999997
 0.5015999999999996
 0.5804962499999996
 0.6389628749999995
 0.6770704312499994
 0.6953931599999994
 0.6949568550937495
 0.6771793516781246
 0.6438056772267182
 0.5968398864284997
 0.5384755327794349
 0.4710266173345642
 0.3968607051146947
 0.318335718683448
 0.2377417132674588
 0.1572487154259821
 0.07886147453696681
 0
-0.8499999999999999
 0.4249999999999998
 0.4547499999999999
-0.5609999999999996
-0.07647874999999996
 0.4786243749999996
-0.1792763687499999
-0.2860819499999998
 0.2837729244687494
 0.08268786851562489
-0.2641056799657808
 0.06714286319812454
 0.1737515271740757
-0.1395829111975658
-0.06660349323286632
 0.1428743319065222
-0.01915342376546085
-0.1025796386638895
 0.06632525698783165
 0
-0.3499999999999999
 0.6649999999999996
-0.9047499999999994
 1.037399999999999
-1.04369125
 0.9196783749999997
-0.6776053812500001
 0.3447798900000008
 0.03946372478124853
-0.4283804643343729
 0.7734725643345287
-1.030507896292872
 1.165155624513566
-1.15752509287558
 1.005013161337198
-0.7230617863432069
 0.3436789036814653
 0.08814841400700303
-0.5197528628868077
 0
-0.04999999999999982
 0.09499999999999965
-0.1352499999999995
 0.1709999999999993
-0.2024987499999992
 0.2299926249999991
-0.253724618749999
 0.2739334499999989
-0.2908527750312488
 0.3047105003093737
-0.3157281891845299
 0.3241205566706237
-0.3300950464621853
 0.3338514844912378
-0.335581803485074
 0.3354698331570705
-0.3336911508444418
 0.3304129875972908
-0.3257941849206326
 0
-0.1499999999999999
 0.2549999999999998
-0.3217499999999998
 0.3569999999999997
-0.3671962499999996
 0.3582686249999996
-0.3354954562499996
 0.3034321499999996
-0.2658905400937496
 0.2259569664093747
-0.1860383905260935
 0.1479273239193748
-0.1128778497209975
 0.08168648820576153
-0.05477303190765151
 0.03225772052971519
-0.01403221612931545
-0.0001772343748015092
 0.0107552994535026
 0
-0.3499999999999999
 0.7349999999999995
-1.114749999999999
 1.440599999999999
-1.659691249999999
 1.720616624999998
-1.580173131249998
 1.210608209999999
-0.6065651552187503
-0.2092082312906228
 1.182379600853277
-2.226717078460868
 3.227690853722558
-4.050422371702809
 4.551965684765765
-4.597360532672166
 4.078299154773486
-2.93266157250092
 1.162672837654411
 0
-0.95
 0.4749999999999999
 0.67925
-0.7979999999999997
-0.2564762500000006
 0.8983081249999997
-0.20165448125
-0.7660400999999999
 0.5776166244062492
 0.4504203842968759
-0.7826102347004684
-0.04335055349625053
 0.7768941532340767
-0.3466137924931573
-0.5763959616243058
 0.6226802905680491
 0.2448819576834311
-0.7233274592398826
 0.1253526404554296
 0
-0.85
 0.7649999999999997
 0.09775000000000054
-0.7955999999999996
 0.6256212499999991
 0.1728708750000008
-0.7342834437499993
 0.5009495399999986
 0.228357599468751
-0.6689001640218739
 0.3907793681110919
 0.267031220420251
-0.6017990138809853
 0.2946152336041548
 0.2915103775961724
-0.5348784309203979
 0.2117434885518995
 0.3041934089046593
-0.4696367949246992
 0
-0.04999999999999982
 0.08499999999999969
-0.1082499999999996
 0.1223999999999995
-0.1295987499999995
 0.1315778749999994
-0.1297232937499994
 0.1251356399999994
-0.1186812000312494
 0.1110347010531244
-0.1027151217676557
 0.09411554874149952
-0.08552796957899877
 0.07716377544671076
-0.06917064031463419
 0.0616463513360128
-0.054650083043112
 0.0482115364546811
-0.04233830176670168
 0
-0.2499999999999999
 0.4749999999999998
-0.6612499999999998
 0.7979999999999996
-0.8780937499999997
 0.8983081249999997
-0.8594249687499999
 0.7660401000000001
-0.6261310951562504
 0.4504203842968757
-0.2515822233382822
 0.04335055349625113
 0.1604107938785651
-0.3466137924931561
 0.5037697896441812
-0.6226802905680487
 0.6969547050726574
-0.7233274592398826
 0.7017608821606622
 0
-0.6499999999999999
 0.9749999999999999
-0.8222499999999997
 0.2729999999999998
 0.40041625
-0.8695293749999997
 0.9098840562499995
-0.5083396499999996
-0.1337263204062502
 0.7013040358593747
-0.9202356281889055
 0.6895689669618742
-0.1279213566767401
-0.4873433974423368
 0.8570176324900938
-0.8054932022544383
 0.3640774353789161
 0.2472946511522486
-0.7295582505766048
 0
-0.8499999999999998
 0.08499999999999953
 0.6077499999999998
-0.1223999999999993
-0.4283787499999998
 0.1315778749999989
 0.2974168062499999
-0.1251356399999992
-0.2031136205312499
 0.1110347010531244
 0.1361539047798437
-0.09411554874149917
-0.08930002609123694
 0.07716377544671059
 0.05702614137147568
-0.06164635133601273
-0.03517931736071856
 0.04821153645468108
 0.02068385144105283
 0
-0.6499999999999999
 0.7149999999999997
-0.3152499999999996
-0.1716000000000001
 0.4173162499999997
-0.3346378749999995
 0.06554738124999966
 0.1705103399999999
-0.2350832254062496
 0.1349715514468745
 0.02196663182796898
-0.1220176698097498
 0.1182936287154473
-0.0416601809749234
-0.03993668174628352
 0.07413398112773131
-0.05259328497444889
 0.004105477154288589
 0.03361410673675804
 0
-0.95
 0.09499999999999971
 0.8502499999999998
-0.1709999999999995
-0.7523762499999997
 0.2299926249999992
 0.6579012437499996
-0.273933449999999
-0.5680072805937502
 0.3047105003093739
 0.4835755389064059
-0.3241205566706238
-0.4052238070432356
 0.3338514844912386
 0.3333423969250039
-0.3354698331570706
-0.2681278859014221
 0.3304129875972905
 0.2096144379810574
 0
-0.95
 0.2849999999999998
 0.7932499999999999
-0.5015999999999997
-0.5832762500000002
 0.6389628749999995
 0.3478416687499996
-0.6953931599999995
-0.113135595593751
 0.6771793516781246
-0.09850337957921872
-0.5968398864284997
 0.2701675920393261
 0.4710266173345636
-0.3912130078367466
-0.318335718683448
 0.4573727478540244
 0.1572487154259829
-0.4702444063927673
 0
-0.95
 1.044999999999999
-0.004749999999999133
-1.254
 1.385123749999997
-0.0125661249999977
-1.655251381249998
 1.835918699999995
-0.02493265559374439
-2.184856112346874
 2.433385573572023
-0.04397251555124189
-2.88385984904792
 3.225232715191957
-0.07270486860840984
-3.806430066337056
 4.27468243964389
-0.1154024536721218
-5.024049640731552
 0
-0.8499999999999998
 0.9349999999999994
-0.1572499999999999
-0.785399999999999
 1.025121249999998
-0.3225983749999994
-0.6958910687499985
 1.096143509999997
-0.4924695155312477
-0.5818306306656235
 1.144794947151714
-0.6628980454346225
-0.4442269708524216
 1.168120164508152
-0.8295995358352332
-0.2847636792020979
 1.163579571353422
-0.9880547573066119
-0.1058088275999833
 0
-0.75
 1.275
-1.20375
 0.4079999999999997
 0.8532187499999997
-1.974751875
 2.260692093749999
-1.305620399999999
-0.6854346604687501
 2.842961136796874
-3.952250393852342
 3.065620608764995
-0.1329132788002369
-3.713369908302623
 6.483522407372757
-6.25030776036482
 2.294196899146195
 4.131510743520249
-9.971611279387298
 0
-0.8499999999999999
 1.105
-0.4632499999999998
-0.6629999999999993
 1.392321249999998
-1.050882624999999
-0.2280604187500001
 1.499739149999997
-1.688531715531247
 0.4778899034406236
 1.312111939810467
-2.252929461193119
 1.426440128468071
 0.7252320660576287
-2.576075632970856
 2.518507607226129
-0.3244532896423372
-2.461901933738875
 3.571971530501017
 0
-0.1499999999999999
 0.3149999999999997
-0.4927499999999994
 0.6803999999999989
-0.8744962499999983
 1.070992124999998
-1.265275181249997
 1.452211739999996
-1.626210075093745
 1.78130295019687
-1.911249860932962
 2.009658888987743
-2.070127573324678
 2.086401653870612
-2.052549953138024
 1.963153040985411
-1.813502688789086
 1.599808475348494
-1.319407273344116
 0
-0.6499999999999999
 1.105
-1.134249999999999
 0.6629999999999991
 0.1716162500000005
-1.050882624999999
 1.589999856249997
-1.499739149999997
 0.7290067195937473
 0.4778899034406258
-1.647125529783902
 2.252929461193119
-1.944021352425732
 0.7252320660576265
 0.9930099362295022
-2.518507607226131
 3.144466555301644
-2.461901933738873
 0.5848190815357058
 0
-0.7499999999999997
 1.124999999999999
-0.8437499999999993
 1.549943605170867e-16
 0.9492187499999984
-1.423828124999997
 1.067871093749998
-3.923294750588753e-16
-1.201354980468746
 1.80203247070312
-1.351524353027341
 7.448129878070826e-16
 1.520464897155757
-2.280697345733633
 1.710523009300227
-1.25687191692445e-15
-1.924338385462752
 2.886507578194126
-2.164880683645597
 0
-0.8499999999999999
 0.2549999999999999
 0.5567499999999997
-0.3569999999999997
-0.3076787499999999
 0.3582686249999997
 0.1217400812500002
-0.3034321499999996
 0.0003332844687501092
 0.2259569664093747
-0.06803538685203112
-0.1479273239193747
 0.09506456038057572
 0.08168648820576162
-0.09532904394525715
-0.03225772052971515
 0.08069745389813113
-0.0001772343748016499
-0.06006643284166722
 0
-0.7499999999999999
 0.6749999999999997
-0.03374999999999989
-0.4859999999999996
 0.4632187499999995
-0.04510687499999982
-0.3137661562499995
 0.3168962999999994
-0.04517556046874979
-0.2017676650781246
 0.2161502023289057
-0.04018291831124979
-0.129190278301488
 0.1470111829794452
-0.0334795017808624
-0.08233200337649937
 0.09971062190120919
-0.02675557712806621
-0.05219860633916549
 0
-0.85
 1.275
-0.8202500000000001
-0.408
 1.66602125
-1.974751875
 0.8212905062499999
 1.3056204
-3.013788900531249
 2.842961136796875
-0.3917229680126543
-3.065620608764998
 5.101794927043762
-3.713369908302619
-0.9857516187973118
 6.250307760364823
-8.108770810392697
 4.131510743520244
 4.222504376074258
 0
-0.7499999999999999
 0.975
-0.5287500000000002
-0.2729999999999996
 0.8757187499999994
-0.8695293749999998
 0.2678052187500005
 0.5083396499999991
-0.9246296854687494
 0.701304035859375
-0.0009350064304688703
-0.6895689669618738
 0.8973606383844486
-0.4873433974423376
-0.2503538121336435
 0.8054932022544379
-0.8005426579791316
 0.2472946511522495
 0.4670514716115205
 0
-1.05
 0.9449999999999995
 0.5197499999999995
-1.700999999999998
 0.852626249999999
 1.452441374999998
-2.419874493749997
 0.2824510499999998
 2.903730269343745
-2.981955862659368
-1.105607725100149
 4.886499353360609
-2.955031336768845
-3.717353453043619
 7.201934002222612
-1.630594345778416
-7.930988961699932
 9.265815686770754
 2.010706476924703
 0
-0.9500000000000001
 0.8549999999999998
 0.2802500000000006
-1.197
 0.7676237499999988
 0.6318236250000011
-1.416865506249999
 0.5770138499999978
 1.046323919406253
-1.579291831715623
 0.2651747176001542
 1.506460228205626
-1.648832268333231
-0.180689510667309
 1.984580216108798
-1.586460285210542
-0.7651468821107376
 2.441670809057311
-1.352016423419218
 0
-1.05
 0.7349999999999997
 0.7717499999999997
-1.440599999999999
 0.06302624999999992
 1.720616624999998
-1.281638793749998
-1.210608209999998
 2.417433269343745
-0.2092082312906245
-2.81490999304265
 2.22671707846087
 1.889562786554636
-4.050422371702809
 0.5205812466625371
 4.597360532672163
-3.855864400032122
-2.932661572500914
 6.776296990789986
 0
-0.8499999999999999
 0.5949999999999999
 0.3017499999999997
-0.7139999999999995
 0.2448212499999996
 0.4319551249999994
-0.5092425437499994
-0.008532300000000001
 0.4362825594687494
-0.2981879981281244
-0.1599271640614062
 0.3639178732612493
-0.1196040576509867
-0.223787762550065
 0.2577168625001291
 0.008698855604714615
-0.2238599477359092
 0.1493514304291525
 0.08461565453643655
 0
-0.9499999999999998
 0.6649999999999996
 0.5082500000000002
-1.037399999999999
 0.2052237499999992
 0.9196783749999998
-0.8541292062499986
-0.3447798900000008
 1.116828359406249
-0.4283804643343731
-0.8448827433573436
 1.030507896292872
 0.1446492845362665
-1.15752509287558
 0.6620020483632311
 0.7230617863432069
-1.184695350012559
 0.0881484140070033
 1.15260884395797
 0
-0.5499999999999998
 0.8249999999999997
-0.7617499999999998
 0.4289999999999999
 0.01541374999999976
-0.3942056249999993
 0.5779755437499993
-0.5259754499999996
 0.28901432965625
 0.02144726976562466
-0.2821682998010928
 0.4047005613543741
-0.3629752627036159
 0.1943969084838904
 0.02237823951279247
-0.2017206851077534
 0.2832238504830648
-0.2503473831063905
 0.1305324439917348
 0
-0.3499999999999999
 0.5949999999999998
-0.7157499999999997
 0.7139999999999995
-0.6089912499999995
 0.4319551249999998
-0.2197261062499999
 0.008532300000000251
 0.1711636497812494
-0.2981879981281243
 0.3622863127526555
-0.3639178732612493
 0.31252845026813
-0.2237877625500651
 0.1163526558585411
-0.00869885560471487
-0.08352993967245192
 0.1493514304291523
-0.1833146327063371
 0
-1.05
 0.3149999999999997
 1.086749999999999
-0.6803999999999989
-1.018473749999999
 1.070992124999997
 0.8244853312499981
-1.452211739999996
-0.4918824756562507
 1.78130295019687
 0.01897690005422047
-2.009658888987743
 0.5815486541353218
 2.086401653870611
-1.280162732063425
-1.96315304098541
 2.029128985866972
 1.599808475348497
-2.762712651704894
 0
-0.4499999999999998
 0.7649999999999997
-0.8842499999999994
 0.7955999999999996
-0.5345887499999997
 0.1728708750000005
 0.2006141062499991
-0.5009495399999988
 0.6660461697187487
-0.6689001640218738
 0.521037571847343
-0.2670312204202503
-0.0280066792443669
 0.2946152336041552
-0.4749397188260244
 0.5348784309203979
-0.469974092650604
 0.3041934089046584
-0.08240275943611132
 0
-0.04999999999999982
 0.1049999999999996
-0.1652499999999993
 0.230999999999999
-0.3024987499999986
 0.3799923749999982
-0.4637228687499977
 0.5539264499999971
-0.6508317750312465
 0.7546580003156207
-0.8656126892532763
 0.9838895570831191
-1.10966604824968
 1.243100740747481
-1.384330572253814
 1.533467883207043
-1.690597272394325
 1.855772261084301
-2.029011762281302
 0
-0.2499999999999999
 0.5249999999999998
-0.8112499999999996
 1.091999999999999
-1.348093749999999
 1.558816874999999
-1.702986218749999
 1.760249399999999
-1.712544795156248
 1.545653518828124
-1.250757703182031
 0.8259048272475001
-0.2772674130126854
-0.3799175564166983
 1.120843404634846
-1.911167196507722
 2.70766854626662
-3.459594163228407
 4.110713886379041
 0
-0.6499999999999998
 0.8449999999999998
-0.5492499999999998
 8.744284307611882e-17
 0.4641162499999996
-0.6033511249999994
 0.3921782312499997
-1.248727520548514e-16
-0.3313906054062494
 0.4308077870281243
-0.2800250615682811
 1.337434001789478e-16
 0.2366211770251973
-0.3076075301327563
 0.1999448945862918
-1.273281750836976e-16
-0.1689534359254164
 0.2196394667030411
-0.1427656533569769
 0
-0.5499999999999999
 0.7149999999999997
-0.5307499999999997
 0.1715999999999999
 0.1617137499999997
-0.3346378749999995
 0.3177867687499996
-0.1705103399999998
-0.008731965343749882
 0.1349715514468747
-0.1691323420067184
 0.1220176698097497
-0.03600202279780389
-0.04166018097492349
 0.08025970179580834
-0.0741339811277313
 0.03818589166408965
 0.004105477154288627
-0.0330218917570402
 0
-0.7499999999999999
 0.8249999999999997
-0.2587499999999996
-0.429
 0.6957187499999995
-0.3942056249999993
-0.1681705312500007
 0.5259754499999996
-0.4331054854687491
 0.0214472697656241
 0.3510442481882814
-0.4047005613543741
 0.1415173428069482
 0.1943969084838907
-0.3362491008602896
 0.2017206851077532
 0.06896271862562214
-0.2503473831063905
 0.2157293698058664
 0
-0.1499999999999999
 0.2849999999999998
-0.4027499999999997
 0.5015999999999996
-0.5804962499999996
 0.6389628749999995
-0.6770704312499994
 0.6953931599999994
-0.6949568550937495
 0.6771793516781246
-0.6438056772267182
 0.5968398864284997
-0.5384755327794349
 0.4710266173345642
-0.3968607051146947
 0.318335718683448
-0.2377417132674588
 0.1572487154259821
-0.07886147453696681
